depth	depth_interval	month	sea_basin	mean	std	count	max	min	95p	5p	min_depth	max_depth	min_range_value	max_range_value
10.0	7.5_12.5	1	12n	1.47	0.14	21.0	2.0	1.32			7.5	12.5	1.04	2.28
10.0	7.5_12.5	2	12n	1.46	0.13	22.0	2.0	1.35			7.5	12.5	1.09	2.26
10.0	7.5_12.5	3	12n	1.48	0.13	22.0	1.99	1.36			7.5	12.5	1.1	2.25
10.0	7.5_12.5	4	12n	1.48	0.11	23.0	1.84	1.38			7.5	12.5	1.16	2.06
10.0	7.5_12.5	5	12n	1.5	0.12	23.0	1.86	1.41			7.5	12.5	1.17	2.1
10.0	7.5_12.5	6	12n	1.58	0.15	24.0	1.98	1.36			7.5	12.5	1.06	2.28
10.0	7.5_12.5	7	12n	1.58	0.18	25.0	2.01	1.3			7.5	12.5	0.94	2.37
10.0	7.5_12.5	8	12n	1.73	0.32	26.0	2.52	1.05			7.5	12.5	0.41	3.16
10.0	7.5_12.5	9	12n	1.68	0.3	24.0	2.61	1.34			7.5	12.5	0.74	3.21
10.0	7.5_12.5	10	12n	1.56	0.21	23.0	2.12	1.39			7.5	12.5	0.97	2.54
10.0	7.5_12.5	11	12n	1.45	0.12	20.0	1.94	1.33			7.5	12.5	1.09	2.18
10.0	7.5_12.5	12	12n	1.44	0.05	20.0	1.58	1.34			7.5	12.5	1.24	1.68
0.0	0_2.5	2	18	0.97	0.33	25.0	1.4	0.29			0.0	2.5	0.0	2.06
0.0	0_2.5	6	18	0.78	0.35	27.0	1.28	0.11			0.0	2.5	0.0	1.98
0.0	0_2.5	8	18	1.03	0.22	25.0	1.35	0.46			0.0	2.5	0.02	1.79
5.0	2.5_7.5	6	18	0.9	0.39	20.0	1.28	0.09			2.5	7.5	0.0	2.06
5.0	2.5_7.5	8	18	1.08	0.22	19.0	1.35	0.41			2.5	7.5	0.0	1.79
0.0	0_2.5	8	20	0.55	0.23	17.0	0.85	0.25			0.0	2.5	0.0	1.31
0.0	0_2.5	6	22	0.24	0.06	17.0	0.39	0.15			0.0	2.5	0.03	0.51
0.0	0_2.5	1	Bornholm Basin	1.63	0.05	21.0	1.74	1.56			0.0	2.5	1.46	1.84
0.0	0_2.5	2	Bornholm Basin	1.64	0.06	23.0	1.74	1.55			0.0	2.5	1.43	1.86
0.0	0_2.5	3	Bornholm Basin	1.63	0.07	28.0	1.72	1.49			0.0	2.5	1.35	1.86
0.0	0_2.5	4	Bornholm Basin	1.64	0.05	30.0	1.74	1.56			0.0	2.5	1.46	1.84
0.0	0_2.5	5	Bornholm Basin	1.64	0.05	24.0	1.72	1.57			0.0	2.5	1.47	1.82
0.0	0_2.5	6	Bornholm Basin	1.63	0.05	25.0	1.72	1.54			0.0	2.5	1.44	1.82
0.0	0_2.5	7	Bornholm Basin	1.63	0.06	29.0	1.74	1.54			0.0	2.5	1.42	1.86
0.0	0_2.5	8	Bornholm Basin	1.63	0.05	27.0	1.72	1.54			0.0	2.5	1.44	1.82
0.0	0_2.5	9	Bornholm Basin	1.65	0.05	29.0	1.72	1.57			0.0	2.5	1.47	1.82
0.0	0_2.5	10	Bornholm Basin	1.64	0.06	25.0	1.74	1.52			0.0	2.5	1.4	1.86
0.0	0_2.5	11	Bornholm Basin	1.64	0.05	31.0	1.72	1.53			0.0	2.5	1.43	1.82
0.0	0_2.5	12	Bornholm Basin	1.64	0.05	25.0	1.73	1.55			0.0	2.5	1.45	1.83
5.0	2.5_7.5	1	Bornholm Basin	1.62	0.04	23.0	1.72	1.54			2.5	7.5	1.46	1.8
5.0	2.5_7.5	2	Bornholm Basin	1.64	0.06	24.0	1.74	1.55			2.5	7.5	1.43	1.86
5.0	2.5_7.5	3	Bornholm Basin	1.63	0.06	35.0	1.73	1.49			2.5	7.5	1.37	1.85
5.0	2.5_7.5	4	Bornholm Basin	1.64	0.05	33.0	1.74	1.56			2.5	7.5	1.46	1.84
5.0	2.5_7.5	5	Bornholm Basin	1.65	0.05	27.0	1.73	1.57			2.5	7.5	1.47	1.83
5.0	2.5_7.5	6	Bornholm Basin	1.64	0.05	28.0	1.72	1.54			2.5	7.5	1.44	1.82
5.0	2.5_7.5	7	Bornholm Basin	1.64	0.06	32.0	1.74	1.54			2.5	7.5	1.42	1.86
5.0	2.5_7.5	8	Bornholm Basin	1.63	0.06	30.0	1.78	1.54			2.5	7.5	1.42	1.9
5.0	2.5_7.5	9	Bornholm Basin	1.66	0.05	32.0	1.72	1.57			2.5	7.5	1.47	1.82
5.0	2.5_7.5	10	Bornholm Basin	1.64	0.06	30.0	1.74	1.52			2.5	7.5	1.4	1.86
5.0	2.5_7.5	11	Bornholm Basin	1.65	0.05	34.0	1.73	1.53			2.5	7.5	1.43	1.83
5.0	2.5_7.5	12	Bornholm Basin	1.64	0.05	26.0	1.73	1.56			2.5	7.5	1.46	1.83
10.0	7.5_12.5	1	Bornholm Basin	1.62	0.05	22.0	1.73	1.54			7.5	12.5	1.44	1.83
10.0	7.5_12.5	2	Bornholm Basin	1.64	0.05	23.0	1.73	1.55			7.5	12.5	1.45	1.83
10.0	7.5_12.5	3	Bornholm Basin	1.63	0.06	32.0	1.74	1.49			7.5	12.5	1.37	1.86
10.0	7.5_12.5	4	Bornholm Basin	1.64	0.05	30.0	1.74	1.56			7.5	12.5	1.46	1.84
10.0	7.5_12.5	5	Bornholm Basin	1.64	0.04	22.0	1.73	1.57			7.5	12.5	1.49	1.81
10.0	7.5_12.5	6	Bornholm Basin	1.63	0.05	23.0	1.71	1.54			7.5	12.5	1.44	1.81
10.0	7.5_12.5	7	Bornholm Basin	1.63	0.06	29.0	1.74	1.54			7.5	12.5	1.42	1.86
10.0	7.5_12.5	8	Bornholm Basin	1.62	0.05	27.0	1.73	1.55			7.5	12.5	1.45	1.83
10.0	7.5_12.5	9	Bornholm Basin	1.65	0.05	28.0	1.72	1.57			7.5	12.5	1.47	1.82
10.0	7.5_12.5	10	Bornholm Basin	1.64	0.06	26.0	1.73	1.52			7.5	12.5	1.4	1.85
10.0	7.5_12.5	11	Bornholm Basin	1.65	0.05	30.0	1.73	1.53			7.5	12.5	1.43	1.83
10.0	7.5_12.5	12	Bornholm Basin	1.64	0.05	25.0	1.72	1.56			7.5	12.5	1.46	1.82
15.0	12.5_17.5	1	Bornholm Basin	1.62	0.05	22.0	1.72	1.53			12.5	17.5	1.43	1.82
15.0	12.5_17.5	2	Bornholm Basin	1.64	0.06	23.0	1.72	1.55			12.5	17.5	1.43	1.84
15.0	12.5_17.5	3	Bornholm Basin	1.62	0.06	30.0	1.73	1.49			12.5	17.5	1.37	1.85
15.0	12.5_17.5	4	Bornholm Basin	1.63	0.05	28.0	1.74	1.56			12.5	17.5	1.46	1.84
15.0	12.5_17.5	5	Bornholm Basin	1.64	0.05	21.0	1.73	1.57			12.5	17.5	1.47	1.83
15.0	12.5_17.5	6	Bornholm Basin	1.64	0.05	24.0	1.71	1.54			12.5	17.5	1.44	1.81
15.0	12.5_17.5	7	Bornholm Basin	1.63	0.06	29.0	1.72	1.54			12.5	17.5	1.42	1.84
15.0	12.5_17.5	8	Bornholm Basin	1.62	0.05	27.0	1.73	1.54			12.5	17.5	1.44	1.83
15.0	12.5_17.5	9	Bornholm Basin	1.64	0.05	26.0	1.72	1.57			12.5	17.5	1.47	1.82
15.0	12.5_17.5	10	Bornholm Basin	1.64	0.06	26.0	1.73	1.52			12.5	17.5	1.4	1.85
15.0	12.5_17.5	11	Bornholm Basin	1.64	0.05	30.0	1.73	1.53			12.5	17.5	1.43	1.83
15.0	12.5_17.5	12	Bornholm Basin	1.64	0.05	24.0	1.73	1.56			12.5	17.5	1.46	1.83
20.0	17.5_25.0	1	Bornholm Basin	1.63	0.05	22.0	1.73	1.56			17.5	25.0	1.46	1.83
20.0	17.5_25.0	2	Bornholm Basin	1.64	0.06	23.0	1.73	1.55			17.5	25.0	1.43	1.85
20.0	17.5_25.0	3	Bornholm Basin	1.63	0.06	30.0	1.73	1.5			17.5	25.0	1.38	1.85
20.0	17.5_25.0	4	Bornholm Basin	1.64	0.05	28.0	1.74	1.56			17.5	25.0	1.46	1.84
20.0	17.5_25.0	5	Bornholm Basin	1.64	0.04	21.0	1.71	1.57			17.5	25.0	1.49	1.79
20.0	17.5_25.0	6	Bornholm Basin	1.64	0.05	25.0	1.74	1.54			17.5	25.0	1.44	1.84
20.0	17.5_25.0	7	Bornholm Basin	1.64	0.06	28.0	1.73	1.54			17.5	25.0	1.42	1.85
20.0	17.5_25.0	8	Bornholm Basin	1.63	0.06	27.0	1.72	1.54			17.5	25.0	1.42	1.84
20.0	17.5_25.0	9	Bornholm Basin	1.65	0.05	26.0	1.73	1.57			17.5	25.0	1.47	1.83
20.0	17.5_25.0	10	Bornholm Basin	1.64	0.06	26.0	1.73	1.52			17.5	25.0	1.4	1.85
20.0	17.5_25.0	11	Bornholm Basin	1.64	0.05	28.0	1.73	1.53			17.5	25.0	1.43	1.83
20.0	17.5_25.0	12	Bornholm Basin	1.65	0.04	25.0	1.73	1.56			17.5	25.0	1.48	1.81
30.0	25.0_35.0	1	Bornholm Basin	1.62	0.04	21.0	1.72	1.54			25.0	35.0	1.46	1.8
30.0	25.0_35.0	2	Bornholm Basin	1.63	0.06	23.0	1.74	1.56			25.0	35.0	1.44	1.86
30.0	25.0_35.0	3	Bornholm Basin	1.62	0.06	29.0	1.74	1.51			25.0	35.0	1.39	1.86
30.0	25.0_35.0	4	Bornholm Basin	1.64	0.05	28.0	1.73	1.55			25.0	35.0	1.45	1.83
30.0	25.0_35.0	5	Bornholm Basin	1.64	0.05	22.0	1.74	1.58			25.0	35.0	1.48	1.84
30.0	25.0_35.0	6	Bornholm Basin	1.64	0.05	25.0	1.73	1.54			25.0	35.0	1.44	1.83
30.0	25.0_35.0	7	Bornholm Basin	1.64	0.05	29.0	1.72	1.55			25.0	35.0	1.45	1.82
30.0	25.0_35.0	8	Bornholm Basin	1.64	0.07	27.0	1.86	1.55			25.0	35.0	1.41	2.0
30.0	25.0_35.0	9	Bornholm Basin	1.65	0.05	26.0	1.73	1.57			25.0	35.0	1.47	1.83
30.0	25.0_35.0	10	Bornholm Basin	1.64	0.06	25.0	1.72	1.52			25.0	35.0	1.4	1.84
30.0	25.0_35.0	11	Bornholm Basin	1.64	0.05	30.0	1.73	1.53			25.0	35.0	1.43	1.83
30.0	25.0_35.0	12	Bornholm Basin	1.64	0.05	24.0	1.73	1.56			25.0	35.0	1.46	1.83
40.0	35.0_45.0	1	Bornholm Basin	1.64	0.05	23.0	1.75	1.56			35.0	45.0	1.46	1.85
40.0	35.0_45.0	2	Bornholm Basin	1.64	0.06	23.0	1.74	1.57			35.0	45.0	1.45	1.86
40.0	35.0_45.0	3	Bornholm Basin	1.64	0.07	29.0	1.75	1.51			35.0	45.0	1.37	1.89
40.0	35.0_45.0	4	Bornholm Basin	1.65	0.06	27.0	1.77	1.55			35.0	45.0	1.43	1.89
40.0	35.0_45.0	5	Bornholm Basin	1.65	0.04	22.0	1.74	1.58			35.0	45.0	1.5	1.82
40.0	35.0_45.0	6	Bornholm Basin	1.65	0.05	24.0	1.74	1.55			35.0	45.0	1.45	1.84
40.0	35.0_45.0	7	Bornholm Basin	1.65	0.06	29.0	1.75	1.56			35.0	45.0	1.44	1.87
40.0	35.0_45.0	8	Bornholm Basin	1.64	0.05	27.0	1.75	1.57			35.0	45.0	1.47	1.85
40.0	35.0_45.0	9	Bornholm Basin	1.66	0.04	26.0	1.74	1.59			35.0	45.0	1.51	1.82
40.0	35.0_45.0	10	Bornholm Basin	1.65	0.06	25.0	1.74	1.53			35.0	45.0	1.41	1.86
40.0	35.0_45.0	11	Bornholm Basin	1.66	0.06	29.0	1.76	1.53			35.0	45.0	1.41	1.88
40.0	35.0_45.0	12	Bornholm Basin	1.65	0.05	25.0	1.72	1.56			35.0	45.0	1.46	1.82
50.0	45.0_55.0	1	Bornholm Basin	1.68	0.07	23.0	1.82	1.56			45.0	55.0	1.42	1.96
50.0	45.0_55.0	2	Bornholm Basin	1.7	0.08	23.0	1.86	1.57			45.0	55.0	1.41	2.02
50.0	45.0_55.0	3	Bornholm Basin	1.69	0.09	30.0	1.86	1.53			45.0	55.0	1.35	2.04
50.0	45.0_55.0	4	Bornholm Basin	1.68	0.07	28.0	1.85	1.57			45.0	55.0	1.43	1.99
50.0	45.0_55.0	5	Bornholm Basin	1.69	0.06	23.0	1.84	1.59			45.0	55.0	1.47	1.96
50.0	45.0_55.0	6	Bornholm Basin	1.68	0.06	24.0	1.82	1.57			45.0	55.0	1.45	1.94
50.0	45.0_55.0	7	Bornholm Basin	1.7	0.07	29.0	1.81	1.59			45.0	55.0	1.45	1.95
50.0	45.0_55.0	8	Bornholm Basin	1.68	0.06	27.0	1.81	1.61			45.0	55.0	1.49	1.93
50.0	45.0_55.0	9	Bornholm Basin	1.69	0.05	25.0	1.83	1.61			45.0	55.0	1.51	1.93
50.0	45.0_55.0	10	Bornholm Basin	1.69	0.07	24.0	1.77	1.54			45.0	55.0	1.4	1.91
50.0	45.0_55.0	11	Bornholm Basin	1.71	0.08	30.0	1.85	1.57			45.0	55.0	1.41	2.01
50.0	45.0_55.0	12	Bornholm Basin	1.7	0.06	25.0	1.78	1.56			45.0	55.0	1.44	1.9
60.0	55.0_65.0	1	Bornholm Basin	1.78	0.07	23.0	1.9	1.61			55.0	65.0	1.47	2.04
60.0	55.0_65.0	2	Bornholm Basin	1.82	0.05	23.0	1.92	1.71			55.0	65.0	1.61	2.02
60.0	55.0_65.0	3	Bornholm Basin	1.79	0.09	30.0	1.95	1.59			55.0	65.0	1.41	2.13
60.0	55.0_65.0	4	Bornholm Basin	1.79	0.07	28.0	1.94	1.65			55.0	65.0	1.51	2.08
60.0	55.0_65.0	5	Bornholm Basin	1.79	0.06	23.0	1.9	1.68			55.0	65.0	1.56	2.02
60.0	55.0_65.0	6	Bornholm Basin	1.78	0.06	25.0	1.91	1.69			55.0	65.0	1.57	2.03
60.0	55.0_65.0	7	Bornholm Basin	1.79	0.06	29.0	1.92	1.69			55.0	65.0	1.57	2.04
60.0	55.0_65.0	8	Bornholm Basin	1.77	0.05	27.0	1.88	1.67			55.0	65.0	1.57	1.98
60.0	55.0_65.0	9	Bornholm Basin	1.79	0.06	26.0	1.9	1.69			55.0	65.0	1.57	2.02
60.0	55.0_65.0	10	Bornholm Basin	1.79	0.06	25.0	1.88	1.69			55.0	65.0	1.57	2.0
60.0	55.0_65.0	11	Bornholm Basin	1.81	0.07	30.0	1.93	1.65			55.0	65.0	1.51	2.07
60.0	55.0_65.0	12	Bornholm Basin	1.81	0.05	25.0	1.92	1.69			55.0	65.0	1.59	2.02
70.0	65.0_75.0	1	Bornholm Basin	1.87	0.05	21.0	1.98	1.81			65.0	75.0	1.71	2.08
70.0	65.0_75.0	2	Bornholm Basin	1.88	0.04	23.0	1.97	1.83			65.0	75.0	1.75	2.05
70.0	65.0_75.0	3	Bornholm Basin	1.86	0.06	29.0	1.99	1.74			65.0	75.0	1.62	2.11
70.0	65.0_75.0	4	Bornholm Basin	1.87	0.06	28.0	2.0	1.78			65.0	75.0	1.66	2.12
70.0	65.0_75.0	5	Bornholm Basin	1.87	0.05	23.0	1.97	1.81			65.0	75.0	1.71	2.07
70.0	65.0_75.0	6	Bornholm Basin	1.88	0.05	23.0	1.99	1.8			65.0	75.0	1.7	2.09
70.0	65.0_75.0	7	Bornholm Basin	1.88	0.05	29.0	1.97	1.81			65.0	75.0	1.71	2.07
70.0	65.0_75.0	8	Bornholm Basin	1.86	0.04	27.0	1.97	1.8			65.0	75.0	1.72	2.05
70.0	65.0_75.0	9	Bornholm Basin	1.88	0.05	25.0	1.97	1.8			65.0	75.0	1.7	2.07
70.0	65.0_75.0	10	Bornholm Basin	1.88	0.06	24.0	1.97	1.78			65.0	75.0	1.66	2.09
70.0	65.0_75.0	11	Bornholm Basin	1.88	0.04	27.0	1.98	1.79			65.0	75.0	1.71	2.06
70.0	65.0_75.0	12	Bornholm Basin	1.89	0.05	25.0	1.98	1.79			65.0	75.0	1.69	2.08
80.0	75.0_85.0	1	Bornholm Basin	1.93	0.05	22.0	2.02	1.85			75.0	85.0	1.75	2.12
80.0	75.0_85.0	2	Bornholm Basin	1.92	0.04	23.0	1.99	1.87			75.0	85.0	1.79	2.07
80.0	75.0_85.0	3	Bornholm Basin	1.91	0.06	29.0	2.07	1.8			75.0	85.0	1.68	2.19
80.0	75.0_85.0	4	Bornholm Basin	1.92	0.05	27.0	2.06	1.85			75.0	85.0	1.75	2.16
80.0	75.0_85.0	5	Bornholm Basin	1.91	0.05	24.0	2.03	1.85			75.0	85.0	1.75	2.13
80.0	75.0_85.0	6	Bornholm Basin	1.93	0.05	25.0	2.08	1.85			75.0	85.0	1.75	2.18
80.0	75.0_85.0	7	Bornholm Basin	1.93	0.05	28.0	2.04	1.85			75.0	85.0	1.75	2.14
80.0	75.0_85.0	8	Bornholm Basin	1.93	0.05	26.0	2.03	1.85			75.0	85.0	1.75	2.13
80.0	75.0_85.0	9	Bornholm Basin	1.96	0.07	26.0	2.08	1.87			75.0	85.0	1.73	2.22
80.0	75.0_85.0	10	Bornholm Basin	1.95	0.05	23.0	2.06	1.88			75.0	85.0	1.78	2.16
80.0	75.0_85.0	11	Bornholm Basin	1.94	0.05	28.0	2.08	1.86			75.0	85.0	1.76	2.18
80.0	75.0_85.0	12	Bornholm Basin	1.94	0.06	24.0	2.06	1.87			75.0	85.0	1.75	2.18
90.0	85.0_95.0	3	Bornholm Basin	1.93	0.06	21.0	2.1	1.81			85.0	95.0	1.69	2.22
90.0	85.0_95.0	4	Bornholm Basin	1.96	0.07	18.0	2.08	1.85			85.0	95.0	1.71	2.22
90.0	85.0_95.0	5	Bornholm Basin	1.95	0.08	17.0	2.14	1.87			85.0	95.0	1.71	2.3
90.0	85.0_95.0	6	Bornholm Basin	1.96	0.06	17.0	2.11	1.88			85.0	95.0	1.76	2.23
90.0	85.0_95.0	7	Bornholm Basin	1.98	0.05	19.0	2.08	1.9			85.0	95.0	1.8	2.18
90.0	85.0_95.0	8	Bornholm Basin	1.98	0.06	18.0	2.1	1.87			85.0	95.0	1.75	2.22
90.0	85.0_95.0	9	Bornholm Basin	1.98	0.07	19.0	2.11	1.89			85.0	95.0	1.75	2.25
90.0	85.0_95.0	10	Bornholm Basin	1.98	0.06	21.0	2.09	1.9			85.0	95.0	1.78	2.21
90.0	85.0_95.0	11	Bornholm Basin	1.97	0.06	21.0	2.1	1.86			85.0	95.0	1.74	2.22
90.0	85.0_95.0	12	Bornholm Basin	1.96	0.06	19.0	2.07	1.89			85.0	95.0	1.77	2.19
0.0	0_2.5	12	Bothnian Bay	0.82	0.03	35.0	0.88	0.75			0.0	2.5	0.69	0.94
5.0	2.5_7.5	6	Bothnian Bay	0.83	0.08	21.0	0.98	0.62			2.5	7.5	0.46	1.14
5.0	2.5_7.5	12	Bothnian Bay	0.83	0.03	37.0	0.89	0.75			2.5	7.5	0.69	0.95
10.0	7.5_12.5	12	Bothnian Bay	0.83	0.03	36.0	0.88	0.75			7.5	12.5	0.69	0.94
15.0	12.5_17.5	12	Bothnian Bay	0.83	0.03	31.0	0.89	0.76			12.5	17.5	0.7	0.95
20.0	17.5_25.0	12	Bothnian Bay	0.83	0.04	29.0	0.88	0.72			17.5	25.0	0.64	0.96
30.0	25.0_35.0	12	Bothnian Bay	0.83	0.04	31.0	0.88	0.76			25.0	35.0	0.68	0.96
40.0	35.0_45.0	12	Bothnian Bay	0.83	0.03	35.0	0.88	0.76			35.0	45.0	0.7	0.94
50.0	45.0_55.0	12	Bothnian Bay	0.87	0.05	30.0	0.96	0.76			45.0	55.0	0.66	1.06
60.0	55.0_65.0	12	Bothnian Bay	0.9	0.05	34.0	0.97	0.78			55.0	65.0	0.68	1.07
70.0	65.0_75.0	12	Bothnian Bay	0.92	0.05	28.0	0.98	0.79			65.0	75.0	0.69	1.08
80.0	75.0_85.0	12	Bothnian Bay	0.93	0.05	32.0	1.01	0.79			75.0	85.0	0.69	1.11
90.0	85.0_95.0	12	Bothnian Bay	0.96	0.04	24.0	1.04	0.84			85.0	95.0	0.76	1.12
100.0	95.0_112.5	12	Bothnian Bay	0.97	0.04	22.0	1.02	0.89			95.0	112.5	0.81	1.1
125.0	112.5_137.5	12	Bothnian Bay	0.97	0.03	17.0	1.03	0.88			112.5	137.5	0.82	1.09
0.0	0_2.5	12	Bothnian Sea	1.31	0.06	37.0	1.42	1.19			0.0	2.5	1.07	1.54
5.0	2.5_7.5	5	Bothnian Sea	1.33	0.06	16.0	1.41	1.22			2.5	7.5	1.1	1.53
5.0	2.5_7.5	6	Bothnian Sea	1.3	0.08	23.0	1.4	1.14			2.5	7.5	0.98	1.56
5.0	2.5_7.5	8	Bothnian Sea	1.29	0.06	17.0	1.37	1.21			2.5	7.5	1.09	1.49
5.0	2.5_7.5	11	Bothnian Sea	1.31	0.04	16.0	1.38	1.25			2.5	7.5	1.17	1.46
5.0	2.5_7.5	12	Bothnian Sea	1.32	0.06	38.0	1.42	1.2			2.5	7.5	1.08	1.54
10.0	7.5_12.5	12	Bothnian Sea	1.31	0.05	37.0	1.42	1.21			7.5	12.5	1.11	1.52
15.0	12.5_17.5	12	Bothnian Sea	1.31	0.05	27.0	1.42	1.22			12.5	17.5	1.12	1.52
20.0	17.5_25.0	12	Bothnian Sea	1.31	0.05	26.0	1.42	1.23			17.5	25.0	1.13	1.52
30.0	25.0_35.0	12	Bothnian Sea	1.32	0.06	25.0	1.42	1.24			25.0	35.0	1.12	1.54
40.0	35.0_45.0	12	Bothnian Sea	1.33	0.05	36.0	1.43	1.24			35.0	45.0	1.14	1.53
50.0	45.0_55.0	12	Bothnian Sea	1.35	0.05	27.0	1.44	1.27			45.0	55.0	1.17	1.54
60.0	55.0_65.0	12	Bothnian Sea	1.38	0.06	37.0	1.53	1.27			55.0	65.0	1.15	1.65
70.0	65.0_75.0	12	Bothnian Sea	1.41	0.06	29.0	1.52	1.29			65.0	75.0	1.17	1.64
80.0	75.0_85.0	12	Bothnian Sea	1.44	0.05	34.0	1.54	1.35			75.0	85.0	1.25	1.64
90.0	85.0_95.0	12	Bothnian Sea	1.46	0.06	27.0	1.56	1.3			85.0	95.0	1.18	1.68
100.0	95.0_112.5	12	Bothnian Sea	1.47	0.06	28.0	1.57	1.32			95.0	112.5	1.2	1.69
125.0	112.5_137.5	12	Bothnian Sea	1.49	0.06	25.0	1.61	1.36			112.5	137.5	1.24	1.73
150.0	137.5_162.5	12	Bothnian Sea	1.5	0.06	23.0	1.59	1.36			137.5	162.5	1.24	1.71
200.0	187.5_212.5	12	Bothnian Sea	1.53	0.05	18.0	1.6	1.39			187.5	212.5	1.29	1.7
0.0	0_2.5	1	Eastern Gotland Basin	1.62	0.04	33.0	1.72	1.55			0.0	2.5	1.47	1.8
0.0	0_2.5	2	Eastern Gotland Basin	1.64	0.05	25.0	1.73	1.56			0.0	2.5	1.46	1.83
0.0	0_2.5	3	Eastern Gotland Basin	1.61	0.06	38.0	1.73	1.49			0.0	2.5	1.37	1.85
0.0	0_2.5	4	Eastern Gotland Basin	1.64	0.05	39.0	1.73	1.55			0.0	2.5	1.45	1.83
0.0	0_2.5	5	Eastern Gotland Basin	1.64	0.05	30.0	1.75	1.56			0.0	2.5	1.46	1.85
0.0	0_2.5	6	Eastern Gotland Basin	1.64	0.05	33.0	1.74	1.53			0.0	2.5	1.43	1.84
0.0	0_2.5	7	Eastern Gotland Basin	1.62	0.06	36.0	1.73	1.49			0.0	2.5	1.37	1.85
0.0	0_2.5	8	Eastern Gotland Basin	1.6	0.06	34.0	1.76	1.47			0.0	2.5	1.35	1.88
0.0	0_2.5	9	Eastern Gotland Basin	1.62	0.04	34.0	1.71	1.53			0.0	2.5	1.45	1.79
0.0	0_2.5	10	Eastern Gotland Basin	1.62	0.04	34.0	1.7	1.55			0.0	2.5	1.47	1.78
0.0	0_2.5	11	Eastern Gotland Basin	1.63	0.05	37.0	1.72	1.54			0.0	2.5	1.44	1.82
0.0	0_2.5	12	Eastern Gotland Basin	1.63	0.05	35.0	1.71	1.55			0.0	2.5	1.45	1.81
5.0	2.5_7.5	1	Eastern Gotland Basin	1.62	0.05	35.0	1.73	1.56			2.5	7.5	1.46	1.83
5.0	2.5_7.5	2	Eastern Gotland Basin	1.64	0.05	26.0	1.73	1.56			2.5	7.5	1.46	1.83
5.0	2.5_7.5	3	Eastern Gotland Basin	1.62	0.06	36.0	1.72	1.49			2.5	7.5	1.37	1.84
5.0	2.5_7.5	4	Eastern Gotland Basin	1.64	0.05	39.0	1.73	1.55			2.5	7.5	1.45	1.83
5.0	2.5_7.5	5	Eastern Gotland Basin	1.64	0.05	31.0	1.75	1.57			2.5	7.5	1.47	1.85
5.0	2.5_7.5	6	Eastern Gotland Basin	1.65	0.05	33.0	1.72	1.55			2.5	7.5	1.45	1.82
5.0	2.5_7.5	7	Eastern Gotland Basin	1.62	0.06	36.0	1.73	1.49			2.5	7.5	1.37	1.85
5.0	2.5_7.5	8	Eastern Gotland Basin	1.6	0.06	34.0	1.76	1.48			2.5	7.5	1.36	1.88
5.0	2.5_7.5	9	Eastern Gotland Basin	1.62	0.04	33.0	1.71	1.53			2.5	7.5	1.45	1.79
5.0	2.5_7.5	10	Eastern Gotland Basin	1.62	0.04	31.0	1.71	1.55			2.5	7.5	1.47	1.79
5.0	2.5_7.5	11	Eastern Gotland Basin	1.63	0.05	39.0	1.73	1.54			2.5	7.5	1.44	1.83
5.0	2.5_7.5	12	Eastern Gotland Basin	1.63	0.05	34.0	1.78	1.55			2.5	7.5	1.45	1.88
10.0	7.5_12.5	1	Eastern Gotland Basin	1.62	0.04	34.0	1.69	1.56			7.5	12.5	1.48	1.77
10.0	7.5_12.5	2	Eastern Gotland Basin	1.64	0.05	25.0	1.74	1.56			7.5	12.5	1.46	1.84
10.0	7.5_12.5	3	Eastern Gotland Basin	1.61	0.06	37.0	1.72	1.49			7.5	12.5	1.37	1.84
10.0	7.5_12.5	4	Eastern Gotland Basin	1.64	0.05	38.0	1.73	1.55			7.5	12.5	1.45	1.83
10.0	7.5_12.5	5	Eastern Gotland Basin	1.64	0.04	30.0	1.75	1.58			7.5	12.5	1.5	1.83
10.0	7.5_12.5	6	Eastern Gotland Basin	1.64	0.06	34.0	1.79	1.55			7.5	12.5	1.43	1.91
10.0	7.5_12.5	7	Eastern Gotland Basin	1.62	0.06	37.0	1.72	1.51			7.5	12.5	1.39	1.84
10.0	7.5_12.5	8	Eastern Gotland Basin	1.6	0.06	34.0	1.77	1.47			7.5	12.5	1.35	1.89
10.0	7.5_12.5	9	Eastern Gotland Basin	1.62	0.05	33.0	1.72	1.54			7.5	12.5	1.44	1.82
10.0	7.5_12.5	10	Eastern Gotland Basin	1.62	0.04	32.0	1.71	1.56			7.5	12.5	1.48	1.79
10.0	7.5_12.5	11	Eastern Gotland Basin	1.63	0.05	38.0	1.72	1.55			7.5	12.5	1.45	1.82
10.0	7.5_12.5	12	Eastern Gotland Basin	1.63	0.04	35.0	1.71	1.55			7.5	12.5	1.47	1.79
15.0	12.5_17.5	1	Eastern Gotland Basin	1.62	0.04	31.0	1.72	1.56			12.5	17.5	1.48	1.8
15.0	12.5_17.5	2	Eastern Gotland Basin	1.63	0.04	25.0	1.72	1.56			12.5	17.5	1.48	1.8
15.0	12.5_17.5	3	Eastern Gotland Basin	1.61	0.06	36.0	1.73	1.49			12.5	17.5	1.37	1.85
15.0	12.5_17.5	4	Eastern Gotland Basin	1.63	0.05	37.0	1.73	1.54			12.5	17.5	1.44	1.83
15.0	12.5_17.5	5	Eastern Gotland Basin	1.65	0.04	27.0	1.73	1.58			12.5	17.5	1.5	1.81
15.0	12.5_17.5	6	Eastern Gotland Basin	1.64	0.05	32.0	1.72	1.55			12.5	17.5	1.45	1.82
15.0	12.5_17.5	7	Eastern Gotland Basin	1.63	0.05	36.0	1.73	1.54			12.5	17.5	1.44	1.83
15.0	12.5_17.5	8	Eastern Gotland Basin	1.6	0.05	34.0	1.76	1.5			12.5	17.5	1.4	1.86
15.0	12.5_17.5	9	Eastern Gotland Basin	1.63	0.05	31.0	1.73	1.54			12.5	17.5	1.44	1.83
15.0	12.5_17.5	10	Eastern Gotland Basin	1.62	0.04	30.0	1.7	1.56			12.5	17.5	1.48	1.78
15.0	12.5_17.5	11	Eastern Gotland Basin	1.62	0.04	35.0	1.72	1.54			12.5	17.5	1.46	1.8
15.0	12.5_17.5	12	Eastern Gotland Basin	1.62	0.04	32.0	1.71	1.55			12.5	17.5	1.47	1.79
20.0	17.5_25.0	1	Eastern Gotland Basin	1.62	0.04	33.0	1.73	1.56			17.5	25.0	1.48	1.81
20.0	17.5_25.0	2	Eastern Gotland Basin	1.63	0.05	23.0	1.73	1.56			17.5	25.0	1.46	1.83
20.0	17.5_25.0	3	Eastern Gotland Basin	1.61	0.06	36.0	1.72	1.49			17.5	25.0	1.37	1.84
20.0	17.5_25.0	4	Eastern Gotland Basin	1.63	0.05	38.0	1.74	1.55			17.5	25.0	1.45	1.84
20.0	17.5_25.0	5	Eastern Gotland Basin	1.64	0.04	31.0	1.71	1.58			17.5	25.0	1.5	1.79
20.0	17.5_25.0	6	Eastern Gotland Basin	1.64	0.05	31.0	1.73	1.54			17.5	25.0	1.44	1.83
20.0	17.5_25.0	7	Eastern Gotland Basin	1.63	0.05	36.0	1.72	1.54			17.5	25.0	1.44	1.82
20.0	17.5_25.0	8	Eastern Gotland Basin	1.61	0.05	34.0	1.74	1.5			17.5	25.0	1.4	1.84
20.0	17.5_25.0	9	Eastern Gotland Basin	1.63	0.05	32.0	1.73	1.54			17.5	25.0	1.44	1.83
20.0	17.5_25.0	10	Eastern Gotland Basin	1.62	0.04	30.0	1.7	1.56			17.5	25.0	1.48	1.78
20.0	17.5_25.0	11	Eastern Gotland Basin	1.62	0.04	35.0	1.71	1.54			17.5	25.0	1.46	1.79
20.0	17.5_25.0	12	Eastern Gotland Basin	1.62	0.04	31.0	1.71	1.55			17.5	25.0	1.47	1.79
30.0	25.0_35.0	1	Eastern Gotland Basin	1.62	0.04	32.0	1.73	1.57			25.0	35.0	1.49	1.81
30.0	25.0_35.0	2	Eastern Gotland Basin	1.63	0.05	24.0	1.73	1.56			25.0	35.0	1.46	1.83
30.0	25.0_35.0	3	Eastern Gotland Basin	1.62	0.06	36.0	1.73	1.49			25.0	35.0	1.37	1.85
30.0	25.0_35.0	4	Eastern Gotland Basin	1.63	0.05	37.0	1.74	1.55			25.0	35.0	1.45	1.84
30.0	25.0_35.0	5	Eastern Gotland Basin	1.64	0.04	30.0	1.71	1.58			25.0	35.0	1.5	1.79
30.0	25.0_35.0	6	Eastern Gotland Basin	1.64	0.05	30.0	1.74	1.54			25.0	35.0	1.44	1.84
30.0	25.0_35.0	7	Eastern Gotland Basin	1.64	0.06	34.0	1.82	1.55			25.0	35.0	1.43	1.94
30.0	25.0_35.0	8	Eastern Gotland Basin	1.63	0.05	34.0	1.73	1.53			25.0	35.0	1.43	1.83
30.0	25.0_35.0	9	Eastern Gotland Basin	1.64	0.04	32.0	1.73	1.56			25.0	35.0	1.48	1.81
30.0	25.0_35.0	10	Eastern Gotland Basin	1.62	0.04	31.0	1.71	1.55			25.0	35.0	1.47	1.79
30.0	25.0_35.0	11	Eastern Gotland Basin	1.63	0.04	36.0	1.73	1.54			25.0	35.0	1.46	1.81
30.0	25.0_35.0	12	Eastern Gotland Basin	1.62	0.04	30.0	1.71	1.55			25.0	35.0	1.47	1.79
40.0	35.0_45.0	1	Eastern Gotland Basin	1.62	0.04	30.0	1.72	1.57			35.0	45.0	1.49	1.8
40.0	35.0_45.0	2	Eastern Gotland Basin	1.63	0.06	24.0	1.75	1.56			35.0	45.0	1.44	1.87
40.0	35.0_45.0	3	Eastern Gotland Basin	1.62	0.05	36.0	1.73	1.49			35.0	45.0	1.39	1.83
40.0	35.0_45.0	4	Eastern Gotland Basin	1.63	0.05	37.0	1.73	1.55			35.0	45.0	1.45	1.83
40.0	35.0_45.0	5	Eastern Gotland Basin	1.64	0.04	31.0	1.72	1.58			35.0	45.0	1.5	1.8
40.0	35.0_45.0	6	Eastern Gotland Basin	1.64	0.05	31.0	1.74	1.54			35.0	45.0	1.44	1.84
40.0	35.0_45.0	7	Eastern Gotland Basin	1.64	0.05	37.0	1.73	1.55			35.0	45.0	1.45	1.83
40.0	35.0_45.0	8	Eastern Gotland Basin	1.63	0.05	34.0	1.72	1.53			35.0	45.0	1.43	1.82
40.0	35.0_45.0	9	Eastern Gotland Basin	1.64	0.04	31.0	1.73	1.59			35.0	45.0	1.51	1.81
40.0	35.0_45.0	10	Eastern Gotland Basin	1.64	0.04	30.0	1.72	1.55			35.0	45.0	1.47	1.8
40.0	35.0_45.0	11	Eastern Gotland Basin	1.63	0.05	35.0	1.72	1.54			35.0	45.0	1.44	1.82
40.0	35.0_45.0	12	Eastern Gotland Basin	1.63	0.05	29.0	1.75	1.56			35.0	45.0	1.46	1.85
50.0	45.0_55.0	1	Eastern Gotland Basin	1.63	0.04	32.0	1.73	1.56			45.0	55.0	1.48	1.81
50.0	45.0_55.0	2	Eastern Gotland Basin	1.64	0.05	22.0	1.75	1.57			45.0	55.0	1.47	1.85
50.0	45.0_55.0	3	Eastern Gotland Basin	1.62	0.06	37.0	1.73	1.49			45.0	55.0	1.37	1.85
50.0	45.0_55.0	4	Eastern Gotland Basin	1.63	0.05	36.0	1.73	1.54			45.0	55.0	1.44	1.83
50.0	45.0_55.0	5	Eastern Gotland Basin	1.64	0.04	30.0	1.73	1.59			45.0	55.0	1.51	1.81
50.0	45.0_55.0	6	Eastern Gotland Basin	1.64	0.05	30.0	1.75	1.54			45.0	55.0	1.44	1.85
50.0	45.0_55.0	7	Eastern Gotland Basin	1.64	0.05	36.0	1.73	1.55			45.0	55.0	1.45	1.83
50.0	45.0_55.0	8	Eastern Gotland Basin	1.63	0.05	33.0	1.73	1.53			45.0	55.0	1.43	1.83
50.0	45.0_55.0	9	Eastern Gotland Basin	1.65	0.04	32.0	1.72	1.59			45.0	55.0	1.51	1.8
50.0	45.0_55.0	10	Eastern Gotland Basin	1.65	0.05	30.0	1.73	1.55			45.0	55.0	1.45	1.83
50.0	45.0_55.0	11	Eastern Gotland Basin	1.64	0.05	35.0	1.73	1.55			45.0	55.0	1.45	1.83
50.0	45.0_55.0	12	Eastern Gotland Basin	1.64	0.04	30.0	1.71	1.57			45.0	55.0	1.49	1.79
60.0	55.0_65.0	1	Eastern Gotland Basin	1.64	0.06	31.0	1.75	1.56			55.0	65.0	1.44	1.87
60.0	55.0_65.0	2	Eastern Gotland Basin	1.64	0.05	22.0	1.73	1.58			55.0	65.0	1.48	1.83
60.0	55.0_65.0	3	Eastern Gotland Basin	1.62	0.06	37.0	1.77	1.49			55.0	65.0	1.37	1.89
60.0	55.0_65.0	4	Eastern Gotland Basin	1.64	0.05	37.0	1.73	1.56			55.0	65.0	1.46	1.83
60.0	55.0_65.0	5	Eastern Gotland Basin	1.65	0.05	30.0	1.74	1.59			55.0	65.0	1.49	1.84
60.0	55.0_65.0	6	Eastern Gotland Basin	1.65	0.05	32.0	1.76	1.53			55.0	65.0	1.43	1.86
60.0	55.0_65.0	7	Eastern Gotland Basin	1.65	0.06	37.0	1.73	1.56			55.0	65.0	1.44	1.85
60.0	55.0_65.0	8	Eastern Gotland Basin	1.64	0.05	33.0	1.74	1.53			55.0	65.0	1.43	1.84
60.0	55.0_65.0	9	Eastern Gotland Basin	1.65	0.05	30.0	1.78	1.59			55.0	65.0	1.49	1.88
60.0	55.0_65.0	10	Eastern Gotland Basin	1.65	0.05	31.0	1.77	1.56			55.0	65.0	1.46	1.87
60.0	55.0_65.0	11	Eastern Gotland Basin	1.65	0.06	34.0	1.76	1.55			55.0	65.0	1.43	1.88
60.0	55.0_65.0	12	Eastern Gotland Basin	1.65	0.05	31.0	1.75	1.57			55.0	65.0	1.47	1.85
70.0	65.0_75.0	1	Eastern Gotland Basin	1.66	0.07	28.0	1.82	1.57			65.0	75.0	1.43	1.96
70.0	65.0_75.0	2	Eastern Gotland Basin	1.68	0.07	21.0	1.8	1.58			65.0	75.0	1.44	1.94
70.0	65.0_75.0	3	Eastern Gotland Basin	1.65	0.08	37.0	1.81	1.49			65.0	75.0	1.33	1.97
70.0	65.0_75.0	4	Eastern Gotland Basin	1.66	0.07	36.0	1.81	1.57			65.0	75.0	1.43	1.95
70.0	65.0_75.0	5	Eastern Gotland Basin	1.68	0.07	31.0	1.8	1.58			65.0	75.0	1.44	1.94
70.0	65.0_75.0	6	Eastern Gotland Basin	1.67	0.06	31.0	1.8	1.53			65.0	75.0	1.41	1.92
70.0	65.0_75.0	7	Eastern Gotland Basin	1.67	0.07	37.0	1.78	1.56			65.0	75.0	1.42	1.92
70.0	65.0_75.0	8	Eastern Gotland Basin	1.66	0.06	34.0	1.77	1.53			65.0	75.0	1.41	1.89
70.0	65.0_75.0	9	Eastern Gotland Basin	1.67	0.06	32.0	1.79	1.59			65.0	75.0	1.47	1.91
70.0	65.0_75.0	10	Eastern Gotland Basin	1.67	0.07	30.0	1.81	1.55			65.0	75.0	1.41	1.95
70.0	65.0_75.0	11	Eastern Gotland Basin	1.67	0.06	36.0	1.79	1.55			65.0	75.0	1.43	1.91
70.0	65.0_75.0	12	Eastern Gotland Basin	1.68	0.06	31.0	1.81	1.58			65.0	75.0	1.46	1.93
80.0	75.0_85.0	1	Eastern Gotland Basin	1.69	0.07	30.0	1.81	1.59			75.0	85.0	1.45	1.95
80.0	75.0_85.0	2	Eastern Gotland Basin	1.71	0.08	25.0	1.82	1.51			75.0	85.0	1.35	1.98
80.0	75.0_85.0	3	Eastern Gotland Basin	1.68	0.08	37.0	1.87	1.5			75.0	85.0	1.34	2.03
80.0	75.0_85.0	4	Eastern Gotland Basin	1.7	0.07	37.0	1.83	1.58			75.0	85.0	1.44	1.97
80.0	75.0_85.0	5	Eastern Gotland Basin	1.7	0.07	30.0	1.82	1.6			75.0	85.0	1.46	1.96
80.0	75.0_85.0	6	Eastern Gotland Basin	1.71	0.07	30.0	1.84	1.54			75.0	85.0	1.4	1.98
80.0	75.0_85.0	7	Eastern Gotland Basin	1.69	0.08	37.0	1.81	1.57			75.0	85.0	1.41	1.97
80.0	75.0_85.0	8	Eastern Gotland Basin	1.69	0.07	34.0	1.8	1.55			75.0	85.0	1.41	1.94
80.0	75.0_85.0	9	Eastern Gotland Basin	1.71	0.06	32.0	1.81	1.6			75.0	85.0	1.48	1.93
80.0	75.0_85.0	10	Eastern Gotland Basin	1.7	0.07	31.0	1.8	1.56			75.0	85.0	1.42	1.94
80.0	75.0_85.0	11	Eastern Gotland Basin	1.7	0.07	35.0	1.81	1.56			75.0	85.0	1.42	1.95
80.0	75.0_85.0	12	Eastern Gotland Basin	1.71	0.06	32.0	1.82	1.59			75.0	85.0	1.47	1.94
90.0	85.0_95.0	1	Eastern Gotland Basin	1.73	0.06	26.0	1.83	1.64			85.0	95.0	1.52	1.95
90.0	85.0_95.0	2	Eastern Gotland Basin	1.74	0.07	21.0	1.83	1.61			85.0	95.0	1.47	1.97
90.0	85.0_95.0	3	Eastern Gotland Basin	1.71	0.08	34.0	1.84	1.51			85.0	95.0	1.35	2.0
90.0	85.0_95.0	4	Eastern Gotland Basin	1.73	0.07	33.0	1.83	1.59			85.0	95.0	1.45	1.97
90.0	85.0_95.0	5	Eastern Gotland Basin	1.73	0.06	29.0	1.82	1.62			85.0	95.0	1.5	1.94
90.0	85.0_95.0	6	Eastern Gotland Basin	1.74	0.06	27.0	1.84	1.56			85.0	95.0	1.44	1.96
90.0	85.0_95.0	7	Eastern Gotland Basin	1.72	0.07	34.0	1.83	1.59			85.0	95.0	1.45	1.97
90.0	85.0_95.0	8	Eastern Gotland Basin	1.71	0.07	31.0	1.82	1.56			85.0	95.0	1.42	1.96
90.0	85.0_95.0	9	Eastern Gotland Basin	1.73	0.06	29.0	1.82	1.61			85.0	95.0	1.49	1.94
90.0	85.0_95.0	10	Eastern Gotland Basin	1.72	0.06	29.0	1.83	1.59			85.0	95.0	1.47	1.95
90.0	85.0_95.0	11	Eastern Gotland Basin	1.73	0.06	32.0	1.82	1.58			85.0	95.0	1.46	1.94
90.0	85.0_95.0	12	Eastern Gotland Basin	1.73	0.07	29.0	1.82	1.59			85.0	95.0	1.45	1.96
100.0	95.0_112.5	1	Eastern Gotland Basin	1.74	0.06	27.0	1.84	1.65			95.0	112.5	1.53	1.96
100.0	95.0_112.5	2	Eastern Gotland Basin	1.75	0.06	21.0	1.85	1.63			95.0	112.5	1.51	1.97
100.0	95.0_112.5	3	Eastern Gotland Basin	1.73	0.08	30.0	1.85	1.52			95.0	112.5	1.36	2.01
100.0	95.0_112.5	4	Eastern Gotland Basin	1.74	0.07	31.0	1.84	1.62			95.0	112.5	1.48	1.98
100.0	95.0_112.5	5	Eastern Gotland Basin	1.75	0.06	26.0	1.84	1.64			95.0	112.5	1.52	1.96
100.0	95.0_112.5	6	Eastern Gotland Basin	1.76	0.06	25.0	1.85	1.59			95.0	112.5	1.47	1.97
100.0	95.0_112.5	7	Eastern Gotland Basin	1.74	0.07	31.0	1.85	1.61			95.0	112.5	1.47	1.99
100.0	95.0_112.5	8	Eastern Gotland Basin	1.73	0.07	28.0	1.84	1.59			95.0	112.5	1.45	1.98
100.0	95.0_112.5	9	Eastern Gotland Basin	1.75	0.05	26.0	1.83	1.64			95.0	112.5	1.54	1.93
100.0	95.0_112.5	10	Eastern Gotland Basin	1.74	0.07	25.0	1.85	1.6			95.0	112.5	1.46	1.99
100.0	95.0_112.5	11	Eastern Gotland Basin	1.75	0.06	27.0	1.85	1.58			95.0	112.5	1.46	1.97
100.0	95.0_112.5	12	Eastern Gotland Basin	1.75	0.06	25.0	1.84	1.63			95.0	112.5	1.51	1.96
125.0	112.5_137.5	1	Eastern Gotland Basin	1.77	0.05	27.0	1.86	1.68			112.5	137.5	1.58	1.96
125.0	112.5_137.5	2	Eastern Gotland Basin	1.77	0.06	20.0	1.87	1.67			112.5	137.5	1.55	1.99
125.0	112.5_137.5	3	Eastern Gotland Basin	1.76	0.08	30.0	1.91	1.57			112.5	137.5	1.41	2.07
125.0	112.5_137.5	4	Eastern Gotland Basin	1.77	0.06	32.0	1.87	1.66			112.5	137.5	1.54	1.99
125.0	112.5_137.5	5	Eastern Gotland Basin	1.78	0.05	25.0	1.86	1.7			112.5	137.5	1.6	1.96
125.0	112.5_137.5	6	Eastern Gotland Basin	1.79	0.06	23.0	1.88	1.64			112.5	137.5	1.52	2.0
125.0	112.5_137.5	7	Eastern Gotland Basin	1.77	0.07	31.0	1.88	1.65			112.5	137.5	1.51	2.02
125.0	112.5_137.5	8	Eastern Gotland Basin	1.76	0.06	28.0	1.86	1.63			112.5	137.5	1.51	1.98
125.0	112.5_137.5	9	Eastern Gotland Basin	1.78	0.05	24.0	1.86	1.7			112.5	137.5	1.6	1.96
125.0	112.5_137.5	10	Eastern Gotland Basin	1.77	0.06	25.0	1.86	1.65			112.5	137.5	1.53	1.98
125.0	112.5_137.5	11	Eastern Gotland Basin	1.77	0.06	28.0	1.86	1.64			112.5	137.5	1.52	1.98
125.0	112.5_137.5	12	Eastern Gotland Basin	1.78	0.06	25.0	1.86	1.67			112.5	137.5	1.55	1.98
150.0	137.5_162.5	1	Eastern Gotland Basin	1.8	0.06	27.0	1.91	1.71			137.5	162.5	1.59	2.03
150.0	137.5_162.5	2	Eastern Gotland Basin	1.81	0.05	19.0	1.9	1.7			137.5	162.5	1.6	2.0
150.0	137.5_162.5	3	Eastern Gotland Basin	1.79	0.07	28.0	1.93	1.62			137.5	162.5	1.48	2.07
150.0	137.5_162.5	4	Eastern Gotland Basin	1.79	0.06	31.0	1.91	1.71			137.5	162.5	1.59	2.03
150.0	137.5_162.5	5	Eastern Gotland Basin	1.8	0.06	24.0	1.89	1.7			137.5	162.5	1.58	2.01
150.0	137.5_162.5	6	Eastern Gotland Basin	1.81	0.05	23.0	1.89	1.68			137.5	162.5	1.58	1.99
150.0	137.5_162.5	7	Eastern Gotland Basin	1.8	0.07	31.0	1.89	1.67			137.5	162.5	1.53	2.03
150.0	137.5_162.5	8	Eastern Gotland Basin	1.79	0.06	27.0	1.89	1.68			137.5	162.5	1.56	2.01
150.0	137.5_162.5	9	Eastern Gotland Basin	1.81	0.05	25.0	1.9	1.71			137.5	162.5	1.61	2.0
150.0	137.5_162.5	10	Eastern Gotland Basin	1.81	0.06	26.0	1.89	1.67			137.5	162.5	1.55	2.01
150.0	137.5_162.5	11	Eastern Gotland Basin	1.81	0.06	26.0	1.91	1.68			137.5	162.5	1.56	2.03
150.0	137.5_162.5	12	Eastern Gotland Basin	1.81	0.06	25.0	1.92	1.71			137.5	162.5	1.59	2.04
175.0	162.5_187.5	1	Eastern Gotland Basin	1.82	0.06	25.0	1.93	1.7			162.5	187.5	1.58	2.05
175.0	162.5_187.5	2	Eastern Gotland Basin	1.81	0.06	19.0	1.91	1.66			162.5	187.5	1.54	2.03
175.0	162.5_187.5	3	Eastern Gotland Basin	1.81	0.07	26.0	1.94	1.69			162.5	187.5	1.55	2.08
175.0	162.5_187.5	4	Eastern Gotland Basin	1.82	0.07	30.0	1.93	1.72			162.5	187.5	1.58	2.07
175.0	162.5_187.5	5	Eastern Gotland Basin	1.82	0.06	23.0	1.93	1.71			162.5	187.5	1.59	2.05
175.0	162.5_187.5	6	Eastern Gotland Basin	1.83	0.06	25.0	1.93	1.68			162.5	187.5	1.56	2.05
175.0	162.5_187.5	7	Eastern Gotland Basin	1.82	0.08	28.0	1.96	1.68			162.5	187.5	1.52	2.12
175.0	162.5_187.5	8	Eastern Gotland Basin	1.81	0.06	27.0	1.92	1.69			162.5	187.5	1.57	2.04
175.0	162.5_187.5	9	Eastern Gotland Basin	1.83	0.05	24.0	1.92	1.71			162.5	187.5	1.61	2.02
175.0	162.5_187.5	10	Eastern Gotland Basin	1.83	0.06	25.0	1.93	1.67			162.5	187.5	1.55	2.05
175.0	162.5_187.5	11	Eastern Gotland Basin	1.82	0.05	27.0	1.93	1.72			162.5	187.5	1.62	2.03
175.0	162.5_187.5	12	Eastern Gotland Basin	1.82	0.06	24.0	1.95	1.71			162.5	187.5	1.59	2.07
200.0	187.5_212.5	1	Eastern Gotland Basin	1.82	0.06	24.0	1.95	1.71			187.5	212.5	1.59	2.07
200.0	187.5_212.5	2	Eastern Gotland Basin	1.83	0.06	20.0	1.93	1.74			187.5	212.5	1.62	2.05
200.0	187.5_212.5	3	Eastern Gotland Basin	1.82	0.07	27.0	1.99	1.7			187.5	212.5	1.56	2.13
200.0	187.5_212.5	4	Eastern Gotland Basin	1.82	0.07	30.0	1.94	1.71			187.5	212.5	1.57	2.08
200.0	187.5_212.5	5	Eastern Gotland Basin	1.83	0.07	21.0	1.93	1.72			187.5	212.5	1.58	2.07
200.0	187.5_212.5	6	Eastern Gotland Basin	1.85	0.06	25.0	1.95	1.68			187.5	212.5	1.56	2.07
200.0	187.5_212.5	7	Eastern Gotland Basin	1.82	0.07	28.0	1.95	1.68			187.5	212.5	1.54	2.09
200.0	187.5_212.5	8	Eastern Gotland Basin	1.82	0.07	27.0	1.96	1.68			187.5	212.5	1.54	2.1
200.0	187.5_212.5	9	Eastern Gotland Basin	1.85	0.07	24.0	2.12	1.73			187.5	212.5	1.59	2.26
200.0	187.5_212.5	10	Eastern Gotland Basin	1.83	0.06	24.0	1.96	1.69			187.5	212.5	1.57	2.08
200.0	187.5_212.5	11	Eastern Gotland Basin	1.84	0.06	27.0	1.95	1.71			187.5	212.5	1.59	2.07
200.0	187.5_212.5	12	Eastern Gotland Basin	1.84	0.07	25.0	2.0	1.71			187.5	212.5	1.57	2.14
225.0	212.5_237.5	1	Eastern Gotland Basin	1.86	0.07	23.0	1.98	1.74			212.5	237.5	1.6	2.12
225.0	212.5_237.5	2	Eastern Gotland Basin	1.85	0.07	19.0	2.02	1.74			212.5	237.5	1.6	2.16
225.0	212.5_237.5	3	Eastern Gotland Basin	1.86	0.08	22.0	2.02	1.73			212.5	237.5	1.57	2.18
225.0	212.5_237.5	4	Eastern Gotland Basin	1.85	0.07	26.0	1.98	1.72			212.5	237.5	1.58	2.12
225.0	212.5_237.5	5	Eastern Gotland Basin	1.87	0.09	21.0	2.08	1.72			212.5	237.5	1.54	2.26
225.0	212.5_237.5	6	Eastern Gotland Basin	1.87	0.09	23.0	2.09	1.69			212.5	237.5	1.51	2.27
225.0	212.5_237.5	7	Eastern Gotland Basin	1.87	0.09	26.0	2.11	1.71			212.5	237.5	1.53	2.29
225.0	212.5_237.5	8	Eastern Gotland Basin	1.85	0.06	24.0	1.97	1.7			212.5	237.5	1.58	2.09
225.0	212.5_237.5	9	Eastern Gotland Basin	1.89	0.1	24.0	2.19	1.76			212.5	237.5	1.56	2.39
225.0	212.5_237.5	10	Eastern Gotland Basin	1.87	0.07	23.0	2.02	1.7			212.5	237.5	1.56	2.16
225.0	212.5_237.5	11	Eastern Gotland Basin	1.87	0.08	26.0	2.03	1.71			212.5	237.5	1.55	2.19
225.0	212.5_237.5	12	Eastern Gotland Basin	1.88	0.08	23.0	2.05	1.74			212.5	237.5	1.58	2.21
250.0	237.5_262.5	3	Eastern Gotland Basin	1.83	0.06	16.0	1.98	1.74			237.5	262.5	1.62	2.1
250.0	237.5_262.5	4	Eastern Gotland Basin	1.84	0.07	17.0	1.95	1.72			237.5	262.5	1.58	2.09
250.0	237.5_262.5	6	Eastern Gotland Basin	1.87	0.07	17.0	1.98	1.69	1.95	1.74	237.5	262.5	1.55	2.12
250.0	237.5_262.5	7	Eastern Gotland Basin	1.86	0.07	19.0	1.98	1.7			237.5	262.5	1.56	2.12
250.0	237.5_262.5	8	Eastern Gotland Basin	1.86	0.06	19.0	1.96	1.7			237.5	262.5	1.58	2.08
0.0	0_2.5	1	Kattegat	2.05	0.09	42.0	2.26	1.91			0.0	2.5	1.73	2.44
0.0	0_2.5	2	Kattegat	2.0	0.09	49.0	2.18	1.8			0.0	2.5	1.62	2.36
0.0	0_2.5	3	Kattegat	1.99	0.09	52.0	2.2	1.83			0.0	2.5	1.65	2.38
0.0	0_2.5	4	Kattegat	1.94	0.1	57.0	2.17	1.74			0.0	2.5	1.54	2.37
0.0	0_2.5	5	Kattegat	1.89	0.08	43.0	2.03	1.75			0.0	2.5	1.59	2.19
0.0	0_2.5	6	Kattegat	1.94	0.09	48.0	2.23	1.75			0.0	2.5	1.57	2.41
0.0	0_2.5	7	Kattegat	1.97	0.09	49.0	2.19	1.82			0.0	2.5	1.64	2.37
0.0	0_2.5	8	Kattegat	1.94	0.05	46.0	2.04	1.85			0.0	2.5	1.75	2.14
0.0	0_2.5	9	Kattegat	1.98	0.09	50.0	2.24	1.84			0.0	2.5	1.66	2.42
0.0	0_2.5	10	Kattegat	2.0	0.1	46.0	2.21	1.81			0.0	2.5	1.61	2.41
0.0	0_2.5	11	Kattegat	2.02	0.08	45.0	2.25	1.88			0.0	2.5	1.72	2.41
0.0	0_2.5	12	Kattegat	2.05	0.1	51.0	2.24	1.82			0.0	2.5	1.62	2.44
5.0	2.5_7.5	1	Kattegat	2.06	0.09	46.0	2.28	1.92			2.5	7.5	1.74	2.46
5.0	2.5_7.5	2	Kattegat	2.01	0.08	53.0	2.19	1.9			2.5	7.5	1.74	2.35
5.0	2.5_7.5	3	Kattegat	2.0	0.09	59.0	2.23	1.83			2.5	7.5	1.65	2.41
5.0	2.5_7.5	4	Kattegat	1.96	0.09	64.0	2.16	1.76			2.5	7.5	1.58	2.34
5.0	2.5_7.5	5	Kattegat	1.92	0.08	51.0	2.07	1.75			2.5	7.5	1.59	2.23
5.0	2.5_7.5	6	Kattegat	1.95	0.08	55.0	2.24	1.77			2.5	7.5	1.61	2.4
5.0	2.5_7.5	7	Kattegat	1.99	0.08	54.0	2.2	1.82			2.5	7.5	1.66	2.36
5.0	2.5_7.5	8	Kattegat	1.96	0.06	52.0	2.1	1.85			2.5	7.5	1.73	2.22
5.0	2.5_7.5	9	Kattegat	1.99	0.08	55.0	2.24	1.84			2.5	7.5	1.68	2.4
5.0	2.5_7.5	10	Kattegat	2.02	0.09	52.0	2.2	1.83			2.5	7.5	1.65	2.38
5.0	2.5_7.5	11	Kattegat	2.04	0.07	55.0	2.26	1.9			2.5	7.5	1.76	2.4
5.0	2.5_7.5	12	Kattegat	2.06	0.09	55.0	2.25	1.9			2.5	7.5	1.72	2.43
10.0	7.5_12.5	1	Kattegat	2.1	0.09	41.0	2.26	1.95			7.5	12.5	1.77	2.44
10.0	7.5_12.5	2	Kattegat	2.07	0.07	48.0	2.26	1.94			7.5	12.5	1.8	2.4
10.0	7.5_12.5	3	Kattegat	2.06	0.08	52.0	2.29	1.9			7.5	12.5	1.74	2.45
10.0	7.5_12.5	4	Kattegat	2.03	0.09	57.0	2.27	1.82			7.5	12.5	1.64	2.45
10.0	7.5_12.5	5	Kattegat	2.02	0.12	43.0	2.3	1.79			7.5	12.5	1.55	2.54
10.0	7.5_12.5	6	Kattegat	2.02	0.12	49.0	2.34	1.83			7.5	12.5	1.59	2.58
10.0	7.5_12.5	7	Kattegat	2.04	0.1	49.0	2.32	1.86			7.5	12.5	1.66	2.52
10.0	7.5_12.5	8	Kattegat	2.02	0.08	46.0	2.29	1.88			7.5	12.5	1.72	2.45
10.0	7.5_12.5	9	Kattegat	2.02	0.09	50.0	2.27	1.84			7.5	12.5	1.66	2.45
10.0	7.5_12.5	10	Kattegat	2.04	0.09	47.0	2.21	1.87			7.5	12.5	1.69	2.39
10.0	7.5_12.5	11	Kattegat	2.06	0.07	47.0	2.28	1.91			7.5	12.5	1.77	2.42
10.0	7.5_12.5	12	Kattegat	2.1	0.09	52.0	2.27	1.92			7.5	12.5	1.74	2.45
15.0	12.5_17.5	1	Kattegat	2.15	0.1	42.0	2.31	1.95			12.5	17.5	1.75	2.51
15.0	12.5_17.5	2	Kattegat	2.14	0.08	49.0	2.31	1.94			12.5	17.5	1.78	2.47
15.0	12.5_17.5	3	Kattegat	2.16	0.09	52.0	2.32	1.91			12.5	17.5	1.73	2.5
15.0	12.5_17.5	4	Kattegat	2.16	0.09	54.0	2.3	1.96			12.5	17.5	1.78	2.48
15.0	12.5_17.5	5	Kattegat	2.22	0.09	42.0	2.34	2.0			12.5	17.5	1.82	2.52
15.0	12.5_17.5	6	Kattegat	2.18	0.1	48.0	2.35	1.99			12.5	17.5	1.79	2.55
15.0	12.5_17.5	7	Kattegat	2.14	0.08	48.0	2.31	1.95			12.5	17.5	1.79	2.47
15.0	12.5_17.5	8	Kattegat	2.15	0.09	45.0	2.32	1.99			12.5	17.5	1.81	2.5
15.0	12.5_17.5	9	Kattegat	2.13	0.11	48.0	2.31	1.86			12.5	17.5	1.64	2.53
15.0	12.5_17.5	10	Kattegat	2.11	0.09	46.0	2.32	1.94			12.5	17.5	1.76	2.5
15.0	12.5_17.5	11	Kattegat	2.12	0.07	46.0	2.3	1.99			12.5	17.5	1.85	2.44
15.0	12.5_17.5	12	Kattegat	2.15	0.08	53.0	2.32	2.03			12.5	17.5	1.87	2.48
20.0	17.5_22.5	1	Kattegat	2.22	0.06	42.0	2.33	2.06			17.5	22.5	1.94	2.45
20.0	17.5_22.5	2	Kattegat	2.23	0.07	49.0	2.34	2.09			17.5	22.5	1.95	2.48
20.0	17.5_22.5	3	Kattegat	2.25	0.06	51.0	2.33	2.08			17.5	22.5	1.96	2.45
20.0	17.5_22.5	4	Kattegat	2.26	0.06	55.0	2.34	2.06			17.5	22.5	1.94	2.46
20.0	17.5_22.5	5	Kattegat	2.29	0.03	43.0	2.34	2.2			17.5	22.5	2.14	2.4
20.0	17.5_22.5	6	Kattegat	2.27	0.05	48.0	2.35	2.08			17.5	22.5	1.98	2.45
20.0	17.5_22.5	7	Kattegat	2.25	0.05	48.0	2.4	2.13			17.5	22.5	2.03	2.5
20.0	17.5_22.5	8	Kattegat	2.25	0.05	44.0	2.48	2.15			17.5	22.5	2.05	2.58
20.0	17.5_22.5	9	Kattegat	2.23	0.08	49.0	2.31	1.93			17.5	22.5	1.77	2.47
20.0	17.5_22.5	10	Kattegat	2.22	0.07	46.0	2.32	2.05			17.5	22.5	1.91	2.46
20.0	17.5_22.5	11	Kattegat	2.22	0.07	47.0	2.34	2.07			17.5	22.5	1.93	2.48
20.0	17.5_22.5	12	Kattegat	2.22	0.07	53.0	2.34	2.05			17.5	22.5	1.91	2.48
25.0	22.5_27.5	1	Kattegat	2.26	0.05	36.0	2.34	2.11			22.5	27.5	2.01	2.44
25.0	22.5_27.5	2	Kattegat	2.26	0.05	36.0	2.33	2.13			22.5	27.5	2.03	2.43
25.0	22.5_27.5	3	Kattegat	2.28	0.04	37.0	2.34	2.18			22.5	27.5	2.1	2.42
25.0	22.5_27.5	4	Kattegat	2.3	0.02	42.0	2.35	2.23			22.5	27.5	2.19	2.39
25.0	22.5_27.5	5	Kattegat	2.3	0.02	38.0	2.34	2.24			22.5	27.5	2.2	2.38
25.0	22.5_27.5	6	Kattegat	2.31	0.02	43.0	2.35	2.26			22.5	27.5	2.22	2.39
25.0	22.5_27.5	7	Kattegat	2.29	0.04	39.0	2.42	2.22			22.5	27.5	2.14	2.5
25.0	22.5_27.5	8	Kattegat	2.28	0.02	38.0	2.35	2.24			22.5	27.5	2.2	2.39
25.0	22.5_27.5	9	Kattegat	2.27	0.03	45.0	2.32	2.16			22.5	27.5	2.1	2.38
25.0	22.5_27.5	10	Kattegat	2.28	0.03	39.0	2.36	2.2			22.5	27.5	2.14	2.42
25.0	22.5_27.5	11	Kattegat	2.26	0.06	45.0	2.34	2.1			22.5	27.5	1.98	2.46
25.0	22.5_27.5	12	Kattegat	2.26	0.04	48.0	2.33	2.12			22.5	27.5	2.04	2.41
30.0	27.5_35.0	1	Kattegat	2.28	0.04	42.0	2.33	2.18			27.5	35.0	2.1	2.41
30.0	27.5_35.0	2	Kattegat	2.28	0.04	48.0	2.34	2.14			27.5	35.0	2.06	2.42
30.0	27.5_35.0	3	Kattegat	2.29	0.03	51.0	2.33	2.21			27.5	35.0	2.15	2.39
30.0	27.5_35.0	4	Kattegat	2.3	0.03	52.0	2.35	2.19			27.5	35.0	2.13	2.41
30.0	27.5_35.0	5	Kattegat	2.31	0.02	41.0	2.34	2.27			27.5	35.0	2.23	2.38
30.0	27.5_35.0	6	Kattegat	2.31	0.02	47.0	2.4	2.28			27.5	35.0	2.24	2.44
30.0	27.5_35.0	7	Kattegat	2.3	0.03	48.0	2.4	2.24			27.5	35.0	2.18	2.46
30.0	27.5_35.0	8	Kattegat	2.3	0.02	44.0	2.34	2.26			27.5	35.0	2.22	2.38
30.0	27.5_35.0	9	Kattegat	2.29	0.02	49.0	2.33	2.26			27.5	35.0	2.22	2.37
30.0	27.5_35.0	10	Kattegat	2.29	0.03	46.0	2.35	2.24			27.5	35.0	2.18	2.41
30.0	27.5_35.0	11	Kattegat	2.29	0.04	48.0	2.34	2.14			27.5	35.0	2.06	2.42
30.0	27.5_35.0	12	Kattegat	2.29	0.03	51.0	2.34	2.18			27.5	35.0	2.12	2.4
40.0	35.0_45.0	1	Kattegat	2.29	0.03	32.0	2.34	2.21			35.0	45.0	2.15	2.4
40.0	35.0_45.0	2	Kattegat	2.28	0.03	36.0	2.32	2.21			35.0	45.0	2.15	2.38
40.0	35.0_45.0	3	Kattegat	2.29	0.03	37.0	2.33	2.21			35.0	45.0	2.15	2.39
40.0	35.0_45.0	4	Kattegat	2.3	0.02	40.0	2.35	2.25			35.0	45.0	2.21	2.39
40.0	35.0_45.0	5	Kattegat	2.31	0.01	32.0	2.34	2.28			35.0	45.0	2.26	2.36
40.0	35.0_45.0	6	Kattegat	2.32	0.02	33.0	2.35	2.28			35.0	45.0	2.24	2.39
40.0	35.0_45.0	7	Kattegat	2.31	0.02	35.0	2.36	2.25			35.0	45.0	2.21	2.4
40.0	35.0_45.0	8	Kattegat	2.31	0.01	33.0	2.33	2.28			35.0	45.0	2.26	2.35
40.0	35.0_45.0	9	Kattegat	2.3	0.02	36.0	2.35	2.27			35.0	45.0	2.23	2.39
40.0	35.0_45.0	10	Kattegat	2.3	0.02	31.0	2.33	2.25			35.0	45.0	2.21	2.37
40.0	35.0_45.0	11	Kattegat	2.3	0.02	31.0	2.34	2.26			35.0	45.0	2.22	2.38
40.0	35.0_45.0	12	Kattegat	2.29	0.03	35.0	2.35	2.24			35.0	45.0	2.18	2.41
50.0	45.0_55.0	1	Kattegat	2.29	0.03	28.0	2.33	2.23			45.0	55.0	2.17	2.39
50.0	45.0_55.0	2	Kattegat	2.29	0.03	34.0	2.38	2.21			45.0	55.0	2.15	2.44
50.0	45.0_55.0	3	Kattegat	2.29	0.02	33.0	2.33	2.23			45.0	55.0	2.19	2.37
50.0	45.0_55.0	4	Kattegat	2.31	0.02	36.0	2.36	2.27			45.0	55.0	2.23	2.4
50.0	45.0_55.0	5	Kattegat	2.31	0.02	29.0	2.34	2.28			45.0	55.0	2.24	2.38
50.0	45.0_55.0	6	Kattegat	2.32	0.02	33.0	2.36	2.29			45.0	55.0	2.25	2.4
50.0	45.0_55.0	7	Kattegat	2.32	0.02	33.0	2.37	2.29			45.0	55.0	2.25	2.41
50.0	45.0_55.0	8	Kattegat	2.32	0.02	30.0	2.36	2.29			45.0	55.0	2.25	2.4
50.0	45.0_55.0	9	Kattegat	2.31	0.02	34.0	2.36	2.27			45.0	55.0	2.23	2.4
50.0	45.0_55.0	10	Kattegat	2.3	0.02	31.0	2.34	2.26			45.0	55.0	2.22	2.38
50.0	45.0_55.0	11	Kattegat	2.3	0.02	34.0	2.34	2.28			45.0	55.0	2.24	2.38
50.0	45.0_55.0	12	Kattegat	2.3	0.02	35.0	2.34	2.25			45.0	55.0	2.21	2.38
60.0	55.0_65.0	1	Kattegat	2.29	0.02	19.0	2.32	2.24			55.0	65.0	2.2	2.36
60.0	55.0_65.0	2	Kattegat	2.29	0.03	20.0	2.33	2.21			55.0	65.0	2.15	2.39
60.0	55.0_65.0	3	Kattegat	2.3	0.02	23.0	2.33	2.22			55.0	65.0	2.18	2.37
60.0	55.0_65.0	4	Kattegat	2.32	0.02	23.0	2.37	2.28			55.0	65.0	2.24	2.41
60.0	55.0_65.0	5	Kattegat	2.32	0.02	17.0	2.37	2.29			55.0	65.0	2.25	2.41
60.0	55.0_65.0	6	Kattegat	2.32	0.02	22.0	2.36	2.29			55.0	65.0	2.25	2.4
60.0	55.0_65.0	7	Kattegat	2.32	0.02	20.0	2.36	2.29			55.0	65.0	2.25	2.4
60.0	55.0_65.0	8	Kattegat	2.32	0.01	19.0	2.34	2.29			55.0	65.0	2.27	2.36
60.0	55.0_65.0	9	Kattegat	2.32	0.02	24.0	2.34	2.28			55.0	65.0	2.24	2.38
60.0	55.0_65.0	10	Kattegat	2.31	0.02	21.0	2.34	2.27			55.0	65.0	2.23	2.38
60.0	55.0_65.0	11	Kattegat	2.31	0.01	21.0	2.34	2.28			55.0	65.0	2.26	2.36
60.0	55.0_65.0	12	Kattegat	2.3	0.02	24.0	2.34	2.26			55.0	65.0	2.22	2.38
0.0	0_5.0	2	Skagerrak	2.21	0.08	23.0	2.29	2.05			0.0	5.0	1.89	2.45
0.0	0_5.0	3	Skagerrak	2.23	0.06	21.0	2.29	2.08			0.0	5.0	1.96	2.41
0.0	0_5.0	4	Skagerrak	2.19	0.09	24.0	2.29	1.91			0.0	5.0	1.73	2.47
0.0	0_5.0	5	Skagerrak	2.17	0.11	23.0	2.31	1.85			0.0	5.0	1.63	2.53
0.0	0_5.0	6	Skagerrak	2.15	0.08	18.0	2.25	2.0			0.0	5.0	1.84	2.41
0.0	0_5.0	7	Skagerrak	2.19	0.07	27.0	2.33	1.97			0.0	5.0	1.83	2.47
0.0	0_5.0	8	Skagerrak	2.17	0.06	18.0	2.26	2.0			0.0	5.0	1.88	2.38
0.0	0_5.0	9	Skagerrak	2.22	0.1	26.0	2.33	1.97			0.0	5.0	1.77	2.53
0.0	0_5.0	10	Skagerrak	2.2	0.11	17.0	2.33	1.91			0.0	5.0	1.69	2.55
0.0	0_5.0	11	Skagerrak	2.26	0.05	19.0	2.32	2.09			0.0	5.0	1.99	2.42
0.0	0_5.0	12	Skagerrak	2.26	0.06	24.0	2.33	2.07			0.0	5.0	1.95	2.45
10.0	5.0_20.0	2	Skagerrak	2.25	0.03	24.0	2.29	2.17			5.0	20.0	2.11	2.35
10.0	5.0_20.0	3	Skagerrak	2.25	0.06	21.0	2.31	2.08			5.0	20.0	1.96	2.43
10.0	5.0_20.0	4	Skagerrak	2.24	0.06	24.0	2.3	2.03			5.0	20.0	1.91	2.42
10.0	5.0_20.0	5	Skagerrak	2.25	0.06	23.0	2.34	2.1			5.0	20.0	1.98	2.46
10.0	5.0_20.0	6	Skagerrak	2.24	0.05	18.0	2.31	2.11			5.0	20.0	2.01	2.41
10.0	5.0_20.0	7	Skagerrak	2.25	0.05	27.0	2.38	2.14			5.0	20.0	2.04	2.48
10.0	5.0_20.0	8	Skagerrak	2.24	0.03	18.0	2.29	2.19			5.0	20.0	2.13	2.35
10.0	5.0_20.0	9	Skagerrak	2.25	0.07	27.0	2.34	1.98			5.0	20.0	1.84	2.48
10.0	5.0_20.0	10	Skagerrak	2.26	0.05	16.0	2.33	2.13			5.0	20.0	2.03	2.43
10.0	5.0_20.0	11	Skagerrak	2.27	0.03	19.0	2.33	2.21			5.0	20.0	2.15	2.39
10.0	5.0_20.0	12	Skagerrak	2.28	0.03	24.0	2.33	2.2			5.0	20.0	2.14	2.39
30.0	20.0_45.0	2	Skagerrak	2.29	0.01	24.0	2.33	2.26			20.0	45.0	2.24	2.35
30.0	20.0_45.0	3	Skagerrak	2.3	0.01	21.0	2.32	2.27			20.0	45.0	2.25	2.34
30.0	20.0_45.0	4	Skagerrak	2.3	0.02	24.0	2.34	2.24			20.0	45.0	2.2	2.38
30.0	20.0_45.0	5	Skagerrak	2.31	0.01	23.0	2.34	2.28			20.0	45.0	2.26	2.36
30.0	20.0_45.0	6	Skagerrak	2.31	0.02	18.0	2.35	2.27			20.0	45.0	2.23	2.39
30.0	20.0_45.0	7	Skagerrak	2.3	0.04	27.0	2.43	2.21			20.0	45.0	2.13	2.51
30.0	20.0_45.0	8	Skagerrak	2.31	0.01	18.0	2.33	2.28			20.0	45.0	2.26	2.35
30.0	20.0_45.0	9	Skagerrak	2.3	0.01	27.0	2.32	2.27			20.0	45.0	2.25	2.34
30.0	20.0_45.0	10	Skagerrak	2.31	0.02	16.0	2.35	2.28			20.0	45.0	2.24	2.39
30.0	20.0_45.0	11	Skagerrak	2.3	0.02	19.0	2.34	2.27			20.0	45.0	2.23	2.38
30.0	20.0_45.0	12	Skagerrak	2.3	0.02	24.0	2.33	2.25			20.0	45.0	2.21	2.37
60.0	45.0_67.5	2	Skagerrak	2.31	0.01	24.0	2.34	2.27			45.0	67.5	2.25	2.36
60.0	45.0_67.5	3	Skagerrak	2.31	0.01	21.0	2.33	2.27			45.0	67.5	2.25	2.35
60.0	45.0_67.5	4	Skagerrak	2.31	0.02	24.0	2.35	2.28			45.0	67.5	2.24	2.39
60.0	45.0_67.5	5	Skagerrak	2.31	0.01	23.0	2.34	2.28			45.0	67.5	2.26	2.36
60.0	45.0_67.5	6	Skagerrak	2.32	0.01	18.0	2.36	2.29			45.0	67.5	2.27	2.38
60.0	45.0_67.5	7	Skagerrak	2.32	0.05	27.0	2.46	2.24			45.0	67.5	2.14	2.56
60.0	45.0_67.5	8	Skagerrak	2.32	0.01	16.0	2.35	2.3			45.0	67.5	2.28	2.37
60.0	45.0_67.5	9	Skagerrak	2.31	0.01	25.0	2.33	2.28			45.0	67.5	2.26	2.35
60.0	45.0_67.5	10	Skagerrak	2.32	0.01	16.0	2.34	2.3			45.0	67.5	2.28	2.36
60.0	45.0_67.5	11	Skagerrak	2.32	0.01	19.0	2.34	2.3			45.0	67.5	2.28	2.36
60.0	45.0_67.5	12	Skagerrak	2.31	0.02	23.0	2.34	2.26			45.0	67.5	2.22	2.38
75.0	67.5_87.5	2	Skagerrak	2.31	0.02	24.0	2.33	2.26			67.5	87.5	2.22	2.37
75.0	67.5_87.5	3	Skagerrak	2.31	0.01	20.0	2.33	2.29			67.5	87.5	2.27	2.35
75.0	67.5_87.5	4	Skagerrak	2.31	0.01	24.0	2.34	2.29			67.5	87.5	2.27	2.36
75.0	67.5_87.5	5	Skagerrak	2.31	0.01	22.0	2.34	2.28			67.5	87.5	2.26	2.36
75.0	67.5_87.5	6	Skagerrak	2.32	0.02	17.0	2.36	2.3			67.5	87.5	2.26	2.4
75.0	67.5_87.5	7	Skagerrak	2.32	0.03	27.0	2.44	2.27			67.5	87.5	2.21	2.5
75.0	67.5_87.5	8	Skagerrak	2.32	0.01	17.0	2.35	2.31			67.5	87.5	2.29	2.37
75.0	67.5_87.5	9	Skagerrak	2.32	0.01	26.0	2.33	2.3			67.5	87.5	2.28	2.35
75.0	67.5_87.5	11	Skagerrak	2.32	0.01	19.0	2.33	2.29			67.5	87.5	2.27	2.35
75.0	67.5_87.5	12	Skagerrak	2.31	0.02	22.0	2.35	2.28			67.5	87.5	2.24	2.39
100.0	87.5_150.0	2	Skagerrak	2.31	0.01	20.0	2.33	2.29			87.5	150.0	2.27	2.35
100.0	87.5_150.0	3	Skagerrak	2.31	0.01	19.0	2.34	2.28			87.5	150.0	2.26	2.36
100.0	87.5_150.0	4	Skagerrak	2.32	0.01	20.0	2.33	2.3			87.5	150.0	2.28	2.35
100.0	87.5_150.0	5	Skagerrak	2.31	0.01	19.0	2.33	2.3			87.5	150.0	2.28	2.35
100.0	87.5_150.0	6	Skagerrak	2.32	0.02	18.0	2.37	2.3			87.5	150.0	2.26	2.41
100.0	87.5_150.0	7	Skagerrak	2.32	0.03	24.0	2.43	2.28			87.5	150.0	2.22	2.49
100.0	87.5_150.0	8	Skagerrak	2.32	0.01	17.0	2.35	2.31			87.5	150.0	2.29	2.37
100.0	87.5_150.0	9	Skagerrak	2.32	0.01	23.0	2.34	2.3			87.5	150.0	2.28	2.36
100.0	87.5_150.0	10	Skagerrak	2.32	0.01	16.0	2.34	2.31			87.5	150.0	2.29	2.36
100.0	87.5_150.0	11	Skagerrak	2.32	0.01	19.0	2.33	2.3			87.5	150.0	2.28	2.35
100.0	87.5_150.0	12	Skagerrak	2.31	0.01	22.0	2.33	2.28			87.5	150.0	2.26	2.35
200.0	150.0_250.0	2	Skagerrak	2.31	0.01	20.0	2.34	2.29			150.0	250.0	2.27	2.36
200.0	150.0_250.0	3	Skagerrak	2.31	0.01	19.0	2.34	2.28			150.0	250.0	2.26	2.36
200.0	150.0_250.0	4	Skagerrak	2.32	0.01	20.0	2.34	2.3			150.0	250.0	2.28	2.36
200.0	150.0_250.0	5	Skagerrak	2.32	0.01	18.0	2.34	2.31			150.0	250.0	2.29	2.36
200.0	150.0_250.0	6	Skagerrak	2.33	0.01	18.0	2.36	2.31			150.0	250.0	2.29	2.38
200.0	150.0_250.0	7	Skagerrak	2.32	0.04	22.0	2.43	2.21			150.0	250.0	2.13	2.51
200.0	150.0_250.0	8	Skagerrak	2.32	0.01	16.0	2.33	2.31			150.0	250.0	2.29	2.35
200.0	150.0_250.0	9	Skagerrak	2.32	0.01	22.0	2.34	2.31			150.0	250.0	2.29	2.36
200.0	150.0_250.0	10	Skagerrak	2.33	0.01	16.0	2.35	2.31			150.0	250.0	2.29	2.37
200.0	150.0_250.0	11	Skagerrak	2.32	0.01	19.0	2.33	2.3			150.0	250.0	2.28	2.35
200.0	150.0_250.0	12	Skagerrak	2.32	0.01	21.0	2.34	2.28			150.0	250.0	2.26	2.36
300.0	250.0_350.0	2	Skagerrak	2.32	0.01	18.0	2.35	2.29			250.0	350.0	2.27	2.37
300.0	250.0_350.0	3	Skagerrak	2.32	0.01	19.0	2.35	2.29			250.0	350.0	2.27	2.37
300.0	250.0_350.0	4	Skagerrak	2.32	0.01	17.0	2.33	2.31			250.0	350.0	2.29	2.35
300.0	250.0_350.0	5	Skagerrak	2.33	0.01	16.0	2.36	2.3			250.0	350.0	2.28	2.38
300.0	250.0_350.0	6	Skagerrak	2.33	0.02	17.0	2.36	2.31			250.0	350.0	2.27	2.4
300.0	250.0_350.0	7	Skagerrak	2.33	0.03	20.0	2.43	2.28			250.0	350.0	2.22	2.49
300.0	250.0_350.0	8	Skagerrak	2.33	0.02	17.0	2.4	2.31			250.0	350.0	2.27	2.44
300.0	250.0_350.0	9	Skagerrak	2.32	0.01	20.0	2.36	2.31			250.0	350.0	2.29	2.38
300.0	250.0_350.0	10	Skagerrak	2.33	0.02	16.0	2.4	2.31			250.0	350.0	2.27	2.44
300.0	250.0_350.0	11	Skagerrak	2.33	0.01	19.0	2.35	2.31			250.0	350.0	2.29	2.37
300.0	250.0_350.0	12	Skagerrak	2.32	0.01	18.0	2.34	2.29			250.0	350.0	2.27	2.36
0.0	0_2.5	1	Western Gotland Basin	1.57	0.05	22.0	1.68	1.5			0.0	2.5	1.4	1.78
0.0	0_2.5	2	Western Gotland Basin	1.57	0.05	17.0	1.63	1.46			0.0	2.5	1.36	1.73
0.0	0_2.5	3	Western Gotland Basin	1.56	0.06	21.0	1.68	1.47			0.0	2.5	1.35	1.8
0.0	0_2.5	4	Western Gotland Basin	1.57	0.04	18.0	1.68	1.53			0.0	2.5	1.45	1.76
0.0	0_2.5	6	Western Gotland Basin	1.52	0.05	16.0	1.62	1.45			0.0	2.5	1.35	1.72
0.0	0_2.5	8	Western Gotland Basin	1.49	0.06	17.0	1.57	1.38			0.0	2.5	1.26	1.69
0.0	0_2.5	10	Western Gotland Basin	1.53	0.05	16.0	1.64	1.43			0.0	2.5	1.33	1.74
0.0	0_2.5	11	Western Gotland Basin	1.56	0.05	24.0	1.65	1.47			0.0	2.5	1.37	1.75
0.0	0_2.5	12	Western Gotland Basin	1.56	0.07	27.0	1.67	1.43			0.0	2.5	1.29	1.81
5.0	2.5_7.5	1	Western Gotland Basin	1.58	0.05	26.0	1.68	1.51			2.5	7.5	1.41	1.78
5.0	2.5_7.5	2	Western Gotland Basin	1.59	0.05	23.0	1.66	1.44			2.5	7.5	1.34	1.76
5.0	2.5_7.5	3	Western Gotland Basin	1.57	0.06	25.0	1.7	1.47			2.5	7.5	1.35	1.82
5.0	2.5_7.5	4	Western Gotland Basin	1.58	0.05	25.0	1.68	1.53			2.5	7.5	1.43	1.78
5.0	2.5_7.5	5	Western Gotland Basin	1.57	0.05	18.0	1.66	1.48			2.5	7.5	1.38	1.76
5.0	2.5_7.5	6	Western Gotland Basin	1.55	0.06	22.0	1.68	1.44			2.5	7.5	1.32	1.8
5.0	2.5_7.5	7	Western Gotland Basin	1.53	0.07	22.0	1.64	1.34			2.5	7.5	1.2	1.78
5.0	2.5_7.5	8	Western Gotland Basin	1.51	0.07	23.0	1.66	1.38			2.5	7.5	1.24	1.8
5.0	2.5_7.5	9	Western Gotland Basin	1.53	0.09	19.0	1.68	1.26			2.5	7.5	1.08	1.86
5.0	2.5_7.5	10	Western Gotland Basin	1.54	0.07	20.0	1.65	1.42			2.5	7.5	1.28	1.79
5.0	2.5_7.5	11	Western Gotland Basin	1.57	0.05	31.0	1.65	1.47			2.5	7.5	1.37	1.75
5.0	2.5_7.5	12	Western Gotland Basin	1.57	0.06	28.0	1.66	1.45			2.5	7.5	1.33	1.78
10.0	7.5_12.5	1	Western Gotland Basin	1.57	0.05	21.0	1.66	1.5			7.5	12.5	1.4	1.76
10.0	7.5_12.5	2	Western Gotland Basin	1.58	0.05	18.0	1.64	1.47			7.5	12.5	1.37	1.74
10.0	7.5_12.5	3	Western Gotland Basin	1.56	0.07	21.0	1.71	1.47			7.5	12.5	1.33	1.85
10.0	7.5_12.5	4	Western Gotland Basin	1.57	0.04	18.0	1.68	1.52			7.5	12.5	1.44	1.76
10.0	7.5_12.5	7	Western Gotland Basin	1.52	0.06	16.0	1.61	1.38			7.5	12.5	1.26	1.73
10.0	7.5_12.5	8	Western Gotland Basin	1.5	0.06	17.0	1.57	1.39			7.5	12.5	1.27	1.69
10.0	7.5_12.5	10	Western Gotland Basin	1.52	0.06	16.0	1.64	1.43			7.5	12.5	1.31	1.76
10.0	7.5_12.5	11	Western Gotland Basin	1.56	0.05	25.0	1.66	1.47			7.5	12.5	1.37	1.76
10.0	7.5_12.5	12	Western Gotland Basin	1.57	0.06	27.0	1.67	1.44			7.5	12.5	1.32	1.79
15.0	12.5_17.5	1	Western Gotland Basin	1.57	0.05	21.0	1.66	1.51			12.5	17.5	1.41	1.76
15.0	12.5_17.5	2	Western Gotland Basin	1.57	0.06	18.0	1.64	1.42			12.5	17.5	1.3	1.76
15.0	12.5_17.5	3	Western Gotland Basin	1.56	0.06	21.0	1.7	1.48			12.5	17.5	1.36	1.82
15.0	12.5_17.5	4	Western Gotland Basin	1.56	0.04	19.0	1.68	1.53			12.5	17.5	1.45	1.76
15.0	12.5_17.5	6	Western Gotland Basin	1.54	0.05	16.0	1.63	1.45			12.5	17.5	1.35	1.73
15.0	12.5_17.5	7	Western Gotland Basin	1.53	0.06	16.0	1.61	1.4			12.5	17.5	1.28	1.73
15.0	12.5_17.5	8	Western Gotland Basin	1.52	0.06	17.0	1.59	1.38			12.5	17.5	1.26	1.71
15.0	12.5_17.5	10	Western Gotland Basin	1.53	0.05	16.0	1.64	1.43			12.5	17.5	1.33	1.74
15.0	12.5_17.5	11	Western Gotland Basin	1.56	0.05	22.0	1.64	1.47			12.5	17.5	1.37	1.74
15.0	12.5_17.5	12	Western Gotland Basin	1.56	0.06	26.0	1.66	1.46			12.5	17.5	1.34	1.78
20.0	17.5_25.0	1	Western Gotland Basin	1.58	0.05	20.0	1.67	1.51			17.5	25.0	1.41	1.77
20.0	17.5_25.0	2	Western Gotland Basin	1.58	0.04	16.0	1.65	1.51			17.5	25.0	1.43	1.73
20.0	17.5_25.0	3	Western Gotland Basin	1.57	0.06	21.0	1.71	1.49			17.5	25.0	1.37	1.83
20.0	17.5_25.0	4	Western Gotland Basin	1.57	0.04	19.0	1.68	1.53			17.5	25.0	1.45	1.76
20.0	17.5_25.0	7	Western Gotland Basin	1.55	0.03	16.0	1.64	1.52			17.5	25.0	1.46	1.7
20.0	17.5_25.0	8	Western Gotland Basin	1.54	0.06	17.0	1.64	1.41			17.5	25.0	1.29	1.76
20.0	17.5_25.0	11	Western Gotland Basin	1.56	0.05	22.0	1.62	1.47			17.5	25.0	1.37	1.72
20.0	17.5_25.0	12	Western Gotland Basin	1.56	0.06	24.0	1.67	1.46			17.5	25.0	1.34	1.79
30.0	25.0_35.0	1	Western Gotland Basin	1.58	0.05	21.0	1.66	1.51			25.0	35.0	1.41	1.76
30.0	25.0_35.0	2	Western Gotland Basin	1.59	0.04	18.0	1.65	1.52			25.0	35.0	1.44	1.73
30.0	25.0_35.0	3	Western Gotland Basin	1.57	0.06	22.0	1.72	1.49			25.0	35.0	1.37	1.84
30.0	25.0_35.0	4	Western Gotland Basin	1.57	0.04	19.0	1.68	1.53			25.0	35.0	1.45	1.76
30.0	25.0_35.0	6	Western Gotland Basin	1.57	0.05	16.0	1.66	1.49			25.0	35.0	1.39	1.76
30.0	25.0_35.0	7	Western Gotland Basin	1.57	0.03	16.0	1.66	1.53			25.0	35.0	1.47	1.72
30.0	25.0_35.0	8	Western Gotland Basin	1.57	0.05	16.0	1.66	1.49			25.0	35.0	1.39	1.76
30.0	25.0_35.0	10	Western Gotland Basin	1.55	0.06	16.0	1.67	1.44			25.0	35.0	1.32	1.79
30.0	25.0_35.0	11	Western Gotland Basin	1.56	0.06	22.0	1.66	1.47			25.0	35.0	1.35	1.78
30.0	25.0_35.0	12	Western Gotland Basin	1.57	0.07	26.0	1.69	1.47			25.0	35.0	1.33	1.83
40.0	35.0_45.0	1	Western Gotland Basin	1.58	0.05	21.0	1.67	1.52			35.0	45.0	1.42	1.77
40.0	35.0_45.0	2	Western Gotland Basin	1.6	0.05	18.0	1.7	1.51			35.0	45.0	1.41	1.8
40.0	35.0_45.0	3	Western Gotland Basin	1.57	0.06	21.0	1.69	1.48			35.0	45.0	1.36	1.81
40.0	35.0_45.0	4	Western Gotland Basin	1.57	0.04	19.0	1.68	1.53			35.0	45.0	1.45	1.76
40.0	35.0_45.0	6	Western Gotland Basin	1.58	0.05	16.0	1.67	1.5			35.0	45.0	1.4	1.77
40.0	35.0_45.0	7	Western Gotland Basin	1.59	0.04	16.0	1.68	1.54			35.0	45.0	1.46	1.76
40.0	35.0_45.0	8	Western Gotland Basin	1.59	0.05	17.0	1.69	1.52			35.0	45.0	1.42	1.79
40.0	35.0_45.0	10	Western Gotland Basin	1.58	0.06	16.0	1.69	1.47			35.0	45.0	1.35	1.81
40.0	35.0_45.0	11	Western Gotland Basin	1.59	0.06	22.0	1.69	1.47			35.0	45.0	1.35	1.81
40.0	35.0_45.0	12	Western Gotland Basin	1.58	0.06	26.0	1.71	1.5			35.0	45.0	1.38	1.83
50.0	45.0_55.0	1	Western Gotland Basin	1.59	0.05	21.0	1.67	1.52			45.0	55.0	1.42	1.77
50.0	45.0_55.0	2	Western Gotland Basin	1.6	0.04	18.0	1.67	1.53			45.0	55.0	1.45	1.75
50.0	45.0_55.0	3	Western Gotland Basin	1.58	0.06	22.0	1.69	1.48			45.0	55.0	1.36	1.81
50.0	45.0_55.0	4	Western Gotland Basin	1.58	0.04	19.0	1.68	1.53			45.0	55.0	1.45	1.76
50.0	45.0_55.0	6	Western Gotland Basin	1.6	0.06	16.0	1.69	1.5			45.0	55.0	1.38	1.81
50.0	45.0_55.0	8	Western Gotland Basin	1.6	0.05	17.0	1.7	1.52			45.0	55.0	1.42	1.8
50.0	45.0_55.0	11	Western Gotland Basin	1.62	0.07	21.0	1.71	1.49			45.0	55.0	1.35	1.85
50.0	45.0_55.0	12	Western Gotland Basin	1.61	0.06	25.0	1.74	1.5			45.0	55.0	1.38	1.86
60.0	55.0_65.0	1	Western Gotland Basin	1.63	0.06	21.0	1.72	1.54			55.0	65.0	1.42	1.84
60.0	55.0_65.0	2	Western Gotland Basin	1.63	0.06	17.0	1.76	1.54			55.0	65.0	1.42	1.88
60.0	55.0_65.0	3	Western Gotland Basin	1.6	0.07	20.0	1.73	1.48			55.0	65.0	1.34	1.87
60.0	55.0_65.0	4	Western Gotland Basin	1.6	0.05	18.0	1.7	1.53			55.0	65.0	1.43	1.8
60.0	55.0_65.0	6	Western Gotland Basin	1.62	0.06	16.0	1.74	1.52			55.0	65.0	1.4	1.86
60.0	55.0_65.0	7	Western Gotland Basin	1.62	0.05	16.0	1.72	1.54			55.0	65.0	1.44	1.82
60.0	55.0_65.0	8	Western Gotland Basin	1.61	0.06	17.0	1.72	1.52			55.0	65.0	1.4	1.84
60.0	55.0_65.0	10	Western Gotland Basin	1.62	0.05	16.0	1.71	1.53			55.0	65.0	1.43	1.81
60.0	55.0_65.0	11	Western Gotland Basin	1.65	0.07	22.0	1.73	1.53			55.0	65.0	1.39	1.87
60.0	55.0_65.0	12	Western Gotland Basin	1.64	0.07	25.0	1.76	1.51			55.0	65.0	1.37	1.9
70.0	65.0_75.0	1	Western Gotland Basin	1.66	0.07	21.0	1.77	1.57			65.0	75.0	1.43	1.91
70.0	65.0_75.0	2	Western Gotland Basin	1.66	0.06	18.0	1.78	1.56			65.0	75.0	1.44	1.9
70.0	65.0_75.0	3	Western Gotland Basin	1.63	0.08	20.0	1.77	1.49			65.0	75.0	1.33	1.93
70.0	65.0_75.0	4	Western Gotland Basin	1.62	0.06	19.0	1.76	1.56			65.0	75.0	1.44	1.88
70.0	65.0_75.0	6	Western Gotland Basin	1.65	0.07	16.0	1.78	1.52			65.0	75.0	1.38	1.92
70.0	65.0_75.0	8	Western Gotland Basin	1.65	0.07	16.0	1.77	1.53			65.0	75.0	1.39	1.91
70.0	65.0_75.0	10	Western Gotland Basin	1.66	0.06	16.0	1.76	1.54			65.0	75.0	1.42	1.88
70.0	65.0_75.0	11	Western Gotland Basin	1.68	0.07	22.0	1.76	1.55			65.0	75.0	1.41	1.9
70.0	65.0_75.0	12	Western Gotland Basin	1.66	0.07	25.0	1.79	1.55			65.0	75.0	1.41	1.93
80.0	75.0_85.0	1	Western Gotland Basin	1.68	0.07	21.0	1.79	1.57			75.0	85.0	1.43	1.93
80.0	75.0_85.0	2	Western Gotland Basin	1.69	0.06	18.0	1.82	1.57			75.0	85.0	1.45	1.94
80.0	75.0_85.0	3	Western Gotland Basin	1.65	0.09	20.0	1.8	1.48			75.0	85.0	1.3	1.98
80.0	75.0_85.0	4	Western Gotland Basin	1.66	0.07	19.0	1.8	1.56			75.0	85.0	1.42	1.94
80.0	75.0_85.0	6	Western Gotland Basin	1.67	0.09	16.0	1.81	1.53			75.0	85.0	1.35	1.99
80.0	75.0_85.0	7	Western Gotland Basin	1.68	0.08	16.0	1.82	1.57			75.0	85.0	1.41	1.98
80.0	75.0_85.0	8	Western Gotland Basin	1.67	0.08	17.0	1.82	1.54			75.0	85.0	1.38	1.98
80.0	75.0_85.0	10	Western Gotland Basin	1.69	0.07	16.0	1.81	1.54			75.0	85.0	1.4	1.95
80.0	75.0_85.0	11	Western Gotland Basin	1.7	0.07	22.0	1.79	1.57			75.0	85.0	1.43	1.93
80.0	75.0_85.0	12	Western Gotland Basin	1.68	0.06	25.0	1.8	1.58			75.0	85.0	1.46	1.92
90.0	85.0_95.0	1	Western Gotland Basin	1.7	0.07	21.0	1.81	1.58			85.0	95.0	1.44	1.95
90.0	85.0_95.0	2	Western Gotland Basin	1.7	0.07	18.0	1.83	1.56			85.0	95.0	1.42	1.97
90.0	85.0_95.0	3	Western Gotland Basin	1.68	0.09	20.0	1.81	1.49			85.0	95.0	1.31	1.99
90.0	85.0_95.0	4	Western Gotland Basin	1.67	0.07	19.0	1.81	1.56			85.0	95.0	1.42	1.95
90.0	85.0_95.0	6	Western Gotland Basin	1.68	0.09	16.0	1.82	1.54			85.0	95.0	1.36	2.0
90.0	85.0_95.0	7	Western Gotland Basin	1.69	0.08	16.0	1.82	1.56			85.0	95.0	1.4	1.98
90.0	85.0_95.0	8	Western Gotland Basin	1.68	0.07	17.0	1.82	1.55			85.0	95.0	1.41	1.96
90.0	85.0_95.0	11	Western Gotland Basin	1.72	0.07	21.0	1.82	1.58			85.0	95.0	1.44	1.96
90.0	85.0_95.0	12	Western Gotland Basin	1.7	0.07	25.0	1.82	1.6			85.0	95.0	1.46	1.96
100.0	95.0_112.5	1	Western Gotland Basin	1.7	0.07	20.0	1.83	1.59			95.0	112.5	1.45	1.97
100.0	95.0_112.5	2	Western Gotland Basin	1.72	0.07	18.0	1.83	1.61			95.0	112.5	1.47	1.97
100.0	95.0_112.5	3	Western Gotland Basin	1.68	0.09	21.0	1.82	1.5			95.0	112.5	1.32	2.0
100.0	95.0_112.5	4	Western Gotland Basin	1.68	0.07	19.0	1.82	1.56			95.0	112.5	1.42	1.96
100.0	95.0_112.5	6	Western Gotland Basin	1.69	0.09	16.0	1.82	1.54			95.0	112.5	1.36	2.0
100.0	95.0_112.5	7	Western Gotland Basin	1.7	0.08	16.0	1.83	1.57			95.0	112.5	1.41	1.99
100.0	95.0_112.5	8	Western Gotland Basin	1.7	0.08	16.0	1.83	1.55			95.0	112.5	1.39	1.99
100.0	95.0_112.5	11	Western Gotland Basin	1.73	0.07	22.0	1.83	1.58			95.0	112.5	1.44	1.97
100.0	95.0_112.5	12	Western Gotland Basin	1.71	0.07	26.0	1.83	1.6			95.0	112.5	1.46	1.97
125.0	112.5_137.5	11	Western Gotland Basin	1.77	0.07	16.0	1.84	1.6			112.5	137.5	1.46	1.98
125.0	112.5_137.5	12	Western Gotland Basin	1.74	0.07	19.0	1.83	1.63			112.5	137.5	1.49	1.97
150.0	137.5_162.5	11	Western Gotland Basin	1.77	0.07	16.0	1.84	1.6			137.5	162.5	1.46	1.98
150.0	137.5_162.5	12	Western Gotland Basin	1.75	0.07	19.0	1.85	1.63			137.5	162.5	1.49	1.99
175.0	162.5_187.5	12	Western Gotland Basin	1.75	0.08	17.0	1.84	1.63			162.5	187.5	1.47	2.0
200.0	187.5_212.5	12	Western Gotland Basin	1.76	0.08	19.0	1.84	1.63			187.5	212.5	1.47	2.0
225.0	212.5_237.5	12	Western Gotland Basin	1.77	0.07	17.0	1.85	1.64			212.5	237.5	1.5	1.99
250.0	237.5_275.0	12	Western Gotland Basin	1.77	0.07	17.0	1.85	1.64			237.5	275.0	1.5	1.99
300.0	275.0_350.0	12	Western Gotland Basin	1.78	0.06	17.0	1.85	1.65			275.0	350.0	1.53	1.97
400.0	350.0_425.0	12	Western Gotland Basin	1.78	0.07	16.0	1.85	1.65			350.0	425.0	1.51	1.99
450.0	425.0_475.0	12	Western Gotland Basin	1.78	0.07	17.0	1.88	1.65			425.0	475.0	1.51	2.02
