depth	depth_interval	month	sea_basin	mean	std	count	max	min	95p	5p	min_depth	max_depth	min_range_value	max_range_value
0.0	0_2.5	2	12n	1.59	2.75	71.0	21.7	0.2			0.0	2.5	0.0	27.2
0.0	0_2.5	3	12n	4.76	7.78	29.0	40.0	0.3			0.0	2.5	0.0	55.56
0.0	0_2.5	4	12n	7.68	4.98	67.0	27.0	1.04			0.0	2.5	0.0	36.96
0.0	0_2.5	5	12n	7.33	4.53	16.0	19.0	1.85			0.0	2.5	0.0	28.06
0.0	0_2.5	6	12n	3.76	2.81	91.0	18.0	0.65			0.0	2.5	0.0	23.62
0.0	0_2.5	7	12n	4.33	3.4	1306.0	30.41	0.3			0.0	2.5	0.0	37.21
0.0	0_2.5	8	12n	4.22	3.76	1354.0	45.87	0.5			0.0	2.5	0.0	53.39
0.0	0_2.5	9	12n	13.57	12.61	43.0	61.3	1.72			0.0	2.5	0.0	86.52
0.0	0_2.5	10	12n	8.09	10.79	91.0	97.0	1.22			0.0	2.5	0.0	118.58
0.0	0_2.5	1	12s	2.21	2.19	23.0	10.0	0.3			0.0	2.5	0.0	14.38
0.0	0_2.5	2	12s	2.63	3.82	84.0	30.7	0.2			0.0	2.5	0.0	38.34
0.0	0_2.5	4	12s	7.32	6.95	96.0	34.5	0.7			0.0	2.5	0.0	48.4
0.0	0_2.5	6	12s	2.99	1.73	221.0	10.7	0.4			0.0	2.5	0.0	14.16
0.0	0_2.5	7	12s	4.01	2.41	153.0	16.0	1.0			0.0	2.5	0.0	20.82
0.0	0_2.5	8	12s	3.97	2.93	329.0	25.0	0.7			0.0	2.5	0.0	30.86
0.0	0_2.5	10	12s	5.11	3.12	87.0	19.0	0.9			0.0	2.5	0.0	25.24
0.0	0_2.5	12	12s	2.94	2.56	126.0	19.4	0.1			0.0	2.5	0.0	24.52
0.0	0_2.5	6	13	9.64	6.44	52.0	33.0	1.7			0.0	2.5	0.0	45.88
0.0	0_2.5	7	13	7.32	6.62	50.0	42.0	1.0			0.0	2.5	0.0	55.24
0.0	0_2.5	8	13	7.14	5.89	107.0	39.0	1.0			0.0	2.5	0.0	50.78
0.0	0_2.5	1	14	0.49	0.29	26.0	1.7	0.2			0.0	2.5	0.0	2.28
0.0	0_2.5	2	14	0.7	0.56	28.0	3.02	0.24			0.0	2.5	0.0	4.14
0.0	0_2.5	3	14	2.38	1.26	29.0	5.74	0.59			0.0	2.5	0.0	8.26
0.0	0_2.5	4	14	3.93	1.27	29.0	7.51	1.73	5.95	2.13	0.0	2.5	0.0	10.05
0.0	0_2.5	5	14	1.75	0.61	29.0	3.44	1.01			0.0	2.5	0.0	4.66
0.0	0_2.5	6	14	2.07	1.18	29.0	5.72	0.67	4.73	1.03	0.0	2.5	0.0	8.08
0.0	0_2.5	7	14	3.15	1.55	33.0	9.3	1.46	5.74	1.58	0.0	2.5	0.0	12.4
0.0	0_2.5	8	14	3.13	1.12	32.0	6.4	1.64	4.89	1.69	0.0	2.5	0.0	8.64
0.0	0_2.5	9	14	2.57	1.02	29.0	5.23	0.77	4.5	1.64	0.0	2.5	0.0	7.27
0.0	0_2.5	10	14	2.07	0.7	29.0	3.86	1.02			0.0	2.5	0.0	5.26
0.0	0_2.5	11	14	1.7	1.33	29.0	6.83	0.46			0.0	2.5	0.0	9.49
0.0	0_2.5	12	14	0.7	0.35	29.0	2.23	0.37	1.24	0.42	0.0	2.5	0.0	2.93
5.0	2.5_7.5	1	14	0.5	0.33	27.0	1.72	0.2	1.19	0.25	2.5	7.5	0.0	2.38
5.0	2.5_7.5	2	14	0.66	0.53	28.0	3.04	0.3			2.5	7.5	0.0	4.1
5.0	2.5_7.5	3	14	2.28	1.18	29.0	5.0	0.58			2.5	7.5	0.0	7.36
5.0	2.5_7.5	4	14	3.9	1.33	29.0	7.5	1.68	5.85	1.9	2.5	7.5	0.0	10.16
5.0	2.5_7.5	5	14	1.94	0.63	29.0	3.63	0.88			2.5	7.5	0.0	4.89
5.0	2.5_7.5	6	14	2.23	1.03	29.0	5.98	0.61	3.42	1.08	2.5	7.5	0.0	8.04
5.0	2.5_7.5	7	14	3.12	1.05	29.0	5.91	1.71			2.5	7.5	0.0	8.01
5.0	2.5_7.5	8	14	3.06	0.83	29.0	4.67	1.41			2.5	7.5	0.0	6.33
5.0	2.5_7.5	9	14	2.53	0.87	29.0	4.85	0.78	3.94	1.69	2.5	7.5	0.0	6.59
5.0	2.5_7.5	10	14	2.06	0.74	29.0	3.77	0.99			2.5	7.5	0.0	5.25
5.0	2.5_7.5	11	14	1.39	0.72	29.0	3.29	0.57			2.5	7.5	0.0	4.73
5.0	2.5_7.5	12	14	0.67	0.46	29.0	2.95	0.33	0.95	0.42	2.5	7.5	0.0	3.87
10.0	7.5_12.5	1	14	0.48	0.27	27.0	1.63	0.2	0.85	0.26	7.5	12.5	0.0	2.17
10.0	7.5_12.5	2	14	0.56	0.27	28.0	1.67	0.25			7.5	12.5	0.0	2.21
10.0	7.5_12.5	3	14	2.21	1.25	29.0	5.07	0.63			7.5	12.5	0.0	7.57
10.0	7.5_12.5	4	14	3.71	1.16	29.0	6.4	1.68	5.36	2.02	7.5	12.5	0.0	8.72
10.0	7.5_12.5	5	14	1.89	0.52	29.0	3.04	1.18			7.5	12.5	0.14	4.08
10.0	7.5_12.5	6	14	2.29	0.98	29.0	5.05	0.9	4.25	0.95	7.5	12.5	0.0	7.01
10.0	7.5_12.5	7	14	2.33	0.71	29.0	3.73	1.0			7.5	12.5	0.0	5.15
10.0	7.5_12.5	8	14	2.23	0.88	29.0	4.46	0.71			7.5	12.5	0.0	6.22
10.0	7.5_12.5	9	14	2.27	1.03	29.0	5.33	0.75	4.01	1.07	7.5	12.5	0.0	7.39
10.0	7.5_12.5	10	14	1.81	0.71	29.0	3.43	0.88			7.5	12.5	0.0	4.85
10.0	7.5_12.5	11	14	1.19	0.61	29.0	3.2	0.43			7.5	12.5	0.0	4.42
10.0	7.5_12.5	12	14	0.65	0.46	29.0	2.98	0.34	0.85	0.43	7.5	12.5	0.0	3.9
15.0	12.5_17.5	1	14	0.47	0.3	27.0	1.82	0.23	0.77	0.25	12.5	17.5	0.0	2.42
15.0	12.5_17.5	2	14	0.48	0.21	28.0	1.4	0.2			12.5	17.5	0.0	1.82
15.0	12.5_17.5	3	14	1.86	1.05	29.0	4.62	0.58			12.5	17.5	0.0	6.72
15.0	12.5_17.5	4	14	3.4	1.07	29.0	5.79	1.63	5.09	1.78	12.5	17.5	0.0	7.93
15.0	12.5_17.5	5	14	1.73	0.44	29.0	2.54	1.14	2.47	1.15	12.5	17.5	0.26	3.42
15.0	12.5_17.5	6	14	1.85	0.6	29.0	3.29	0.8	3.07	0.93	12.5	17.5	0.0	4.49
15.0	12.5_17.5	7	14	1.7	0.67	29.0	3.49	0.85			12.5	17.5	0.0	4.83
15.0	12.5_17.5	8	14	1.42	0.66	29.0	3.29	0.46			12.5	17.5	0.0	4.61
15.0	12.5_17.5	9	14	1.7	1.0	29.0	4.62	0.46	3.59	0.49	12.5	17.5	0.0	6.62
15.0	12.5_17.5	10	14	1.41	0.63	29.0	3.01	0.64			12.5	17.5	0.0	4.27
15.0	12.5_17.5	11	14	1.05	0.64	29.0	3.39	0.47			12.5	17.5	0.0	4.67
15.0	12.5_17.5	12	14	0.6	0.51	29.0	3.21	0.2	0.76	0.36	12.5	17.5	0.0	4.23
20.0	17.5_22.5	1	14	0.44	0.26	27.0	1.56	0.2	0.65	0.2	17.5	22.5	0.0	2.08
20.0	17.5_22.5	2	14	0.47	0.23	28.0	1.39	0.2			17.5	22.5	0.0	1.85
20.0	17.5_22.5	3	14	1.57	1.06	29.0	4.66	0.3			17.5	22.5	0.0	6.78
20.0	17.5_22.5	4	14	3.13	1.0	29.0	5.82	1.52	4.52	1.77	17.5	22.5	0.0	7.82
20.0	17.5_22.5	5	14	1.55	0.4	29.0	2.62	0.83	2.13	0.93	17.5	22.5	0.03	3.42
20.0	17.5_22.5	6	14	1.28	0.36	29.0	1.92	0.76	1.85	0.82	17.5	22.5	0.04	2.64
20.0	17.5_22.5	7	14	1.26	0.52	29.0	2.92	0.57			17.5	22.5	0.0	3.96
20.0	17.5_22.5	8	14	0.94	0.45	29.0	2.55	0.25			17.5	22.5	0.0	3.45
20.0	17.5_22.5	9	14	1.15	0.75	29.0	3.45	0.28	2.52	0.32	17.5	22.5	0.0	4.95
20.0	17.5_22.5	10	14	1.01	0.43	29.0	2.21	0.43			17.5	22.5	0.0	3.07
20.0	17.5_22.5	11	14	0.89	0.59	29.0	3.12	0.3			17.5	22.5	0.0	4.3
20.0	17.5_22.5	12	14	0.54	0.34	29.0	2.23	0.2	0.67	0.28	17.5	22.5	0.0	2.91
30.0	27.5_35.0	1	14	0.4	0.15	27.0	0.82	0.2	0.56	0.2	27.5	35.0	0.0	1.12
30.0	27.5_35.0	2	14	0.43	0.22	28.0	1.23	0.2			27.5	35.0	0.0	1.67
30.0	27.5_35.0	3	14	1.16	1.0	29.0	4.39	0.22			27.5	35.0	0.0	6.39
30.0	27.5_35.0	4	14	2.8	1.16	29.0	5.58	1.33	4.76	1.42	27.5	35.0	0.0	7.9
30.0	27.5_35.0	5	14	1.28	0.46	29.0	2.38	0.52	2.2	0.83	27.5	35.0	0.0	3.3
30.0	27.5_35.0	6	14	0.7	0.26	29.0	1.35	0.32	1.21	0.42	27.5	35.0	0.0	1.87
30.0	27.5_35.0	7	14	0.83	0.3	29.0	1.67	0.49			27.5	35.0	0.0	2.27
30.0	27.5_35.0	8	14	0.63	0.37	29.0	2.04	0.23			27.5	35.0	0.0	2.78
30.0	27.5_35.0	9	14	0.58	0.25	29.0	1.01	0.2	0.97	0.26	27.5	35.0	0.0	1.51
30.0	27.5_35.0	10	14	0.66	0.29	29.0	1.5	0.23			27.5	35.0	0.0	2.08
30.0	27.5_35.0	11	14	0.68	0.49	29.0	2.94	0.2			27.5	35.0	0.0	3.92
30.0	27.5_35.0	12	14	0.53	0.42	29.0	2.64	0.2	0.72	0.28	27.5	35.0	0.0	3.48
40.0	35.0_45.0	1	14	0.46	0.21	25.0	1.27	0.2			35.0	45.0	0.0	1.69
40.0	35.0_45.0	2	14	0.48	0.22	27.0	1.34	0.2			35.0	45.0	0.0	1.78
40.0	35.0_45.0	3	14	1.07	0.96	29.0	4.71	0.26	2.98	0.33	35.0	45.0	0.0	6.63
40.0	35.0_45.0	4	14	3.4	1.78	28.0	8.37	1.39			35.0	45.0	0.0	11.93
40.0	35.0_45.0	5	14	3.37	2.0	29.0	7.49	1.06	7.03	1.12	35.0	45.0	0.0	11.49
40.0	35.0_45.0	6	14	1.17	0.73	29.0	3.9	0.35	2.3	0.48	35.0	45.0	0.0	5.36
40.0	35.0_45.0	7	14	1.21	0.77	29.0	3.15	0.45			35.0	45.0	0.0	4.69
40.0	35.0_45.0	8	14	0.78	0.39	29.0	2.24	0.34	1.42	0.4	35.0	45.0	0.0	3.02
40.0	35.0_45.0	9	14	0.73	0.35	29.0	1.93	0.28	1.34	0.35	35.0	45.0	0.0	2.63
40.0	35.0_45.0	10	14	0.71	0.25	29.0	1.28	0.32			35.0	45.0	0.0	1.78
40.0	35.0_45.0	11	14	0.83	0.54	29.0	2.41	0.26	2.03	0.34	35.0	45.0	0.0	3.49
40.0	35.0_45.0	12	14	0.68	0.46	29.0	2.58	0.2	1.45	0.32	35.0	45.0	0.0	3.5
0.0	0_2.5	7	15	3.22	1.36	54.0	6.77	0.86			0.0	2.5	0.0	9.49
0.0	0_2.5	8	15	2.89	0.94	59.0	5.9	1.5			0.0	2.5	0.0	7.78
0.0	0_2.5	2	16	1.13	1.04	60.0	6.8	0.2			0.0	2.5	0.0	8.88
0.0	0_2.5	3	16	1.78	1.2	28.0	4.1	0.1			0.0	2.5	0.0	6.5
0.0	0_2.5	4	16	7.53	5.77	45.0	25.7	0.6			0.0	2.5	0.0	37.24
0.0	0_2.5	5	16	3.98	5.41	281.0	74.6	0.3			0.0	2.5	0.0	85.42
0.0	0_2.5	6	16	4.4	4.36	479.0	44.6	0.1			0.0	2.5	0.0	53.32
0.0	0_2.5	7	16	7.62	12.44	381.0	97.6	0.8			0.0	2.5	0.0	122.48
0.0	0_2.5	8	16	5.97	9.1	877.0	100.0	0.3			0.0	2.5	0.0	118.2
0.0	0_2.5	9	16	5.66	10.22	275.0	98.0	0.4			0.0	2.5	0.0	118.44
0.0	0_2.5	10	16	11.56	15.0	39.0	63.0	2.2			0.0	2.5	0.0	93.0
0.0	0_2.5	11	16	3.47	1.48	27.0	8.2	2.0			0.0	2.5	0.0	11.16
5.0	2.5_7.5	5	16	3.51	2.16	34.0	12.9	1.4			2.5	7.5	0.0	17.22
5.0	2.5_7.5	6	16	2.8	1.51	47.0	7.6	0.2			2.5	7.5	0.0	10.62
5.0	2.5_7.5	8	16	4.53	2.68	58.0	12.7	0.1			2.5	7.5	0.0	18.06
0.0	0_2.5	6	17	3.5	2.97	31.0	13.1	0.59			0.0	2.5	0.0	19.04
0.0	0_2.5	7	17	2.58	1.34	30.0	6.2	0.57			0.0	2.5	0.0	8.88
0.0	0_2.5	8	17	3.64	2.42	50.0	11.1	0.62			0.0	2.5	0.0	15.94
5.0	2.5_7.5	7	17	2.67	1.07	18.0	6.01	1.06			2.5	7.5	0.0	8.15
5.0	2.5_7.5	8	17	2.97	1.29	21.0	6.5	1.33			2.5	7.5	0.0	9.08
10.0	7.5_12.5	7	17	2.65	0.83	18.0	4.73	1.1			7.5	12.5	0.0	6.39
10.0	7.5_12.5	8	17	2.13	0.67	18.0	3.7	0.84			7.5	12.5	0.0	5.04
15.0	12.5_17.5	7	17	2.01	0.77	18.0	3.87	0.93			12.5	17.5	0.0	5.41
15.0	12.5_17.5	8	17	1.41	0.51	18.0	2.53	0.32			12.5	17.5	0.0	3.55
20.0	17.5_22.5	7	17	1.41	0.53	18.0	2.54	0.72			17.5	22.5	0.0	3.6
20.0	17.5_22.5	8	17	0.88	0.41	18.0	1.98	0.26			17.5	22.5	0.0	2.8
0.0	0_2.5	5	18	2.69	2.17	138.0	15.0	1.0			0.0	2.5	0.0	19.34
0.0	0_2.5	6	18	3.36	2.78	142.0	20.0	1.0			0.0	2.5	0.0	25.56
0.0	0_2.5	7	18	3.44	2.76	113.0	19.0	0.94			0.0	2.5	0.0	24.52
0.0	0_2.5	8	18	3.57	3.19	283.0	27.0	0.5			0.0	2.5	0.0	33.38
0.0	0_2.5	9	18	2.95	2.29	139.0	20.0	0.5			0.0	2.5	0.0	24.58
0.0	0_2.5	10	18	1.85	1.02	20.0	4.3	1.0			0.0	2.5	0.0	6.34
5.0	2.5_7.5	5	18	3.0	2.02	118.0	8.8	1.0			2.5	7.5	0.0	12.84
5.0	2.5_7.5	6	18	3.27	2.5	44.0	14.0	0.5			2.5	7.5	0.0	19.0
5.0	2.5_7.5	7	18	4.04	2.58	61.0	15.0	1.0			2.5	7.5	0.0	20.16
5.0	2.5_7.5	8	18	3.18	3.09	126.0	27.0	0.6			2.5	7.5	0.0	33.18
5.0	2.5_7.5	9	18	2.93	2.12	89.0	12.0	0.5			2.5	7.5	0.0	16.24
10.0	7.5_12.5	5	18	3.54	2.71	26.0	13.0	1.3			7.5	12.5	0.0	18.42
10.0	7.5_12.5	8	18	2.39	1.54	30.0	8.4	1.0			7.5	12.5	0.0	11.48
15.0	12.5_17.5	5	18	1.92	0.71	16.0	2.8	0.4			12.5	17.5	0.0	4.22
15.0	12.5_17.5	7	18	1.55	1.2	21.0	6.5	0.9			12.5	17.5	0.0	8.9
15.0	12.5_17.5	9	18	1.28	0.6	17.0	2.9	1.0			12.5	17.5	0.0	4.1
0.0	0_2.5	1	1n	1.7	2.45	174.0	19.5	0.15			0.0	2.5	0.0	24.4
0.0	0_2.5	2	1n	3.06	4.71	159.0	35.2	0.2			0.0	2.5	0.0	44.62
0.0	0_2.5	3	1n	4.97	4.99	121.0	26.25	0.4	14.2	0.8	0.0	2.5	0.0	36.23
0.0	0_2.5	4	1n	2.76	2.13	101.0	13.55	0.4			0.0	2.5	0.0	17.81
0.0	0_2.5	5	1n	2.39	1.39	133.0	9.85	0.7	4.24	1.08	0.0	2.5	0.0	12.63
0.0	0_2.5	6	1n	2.56	1.8	189.0	12.2	0.35			0.0	2.5	0.0	15.8
0.0	0_2.5	7	1n	2.18	1.39	216.0	8.0	0.4	4.86	0.65	0.0	2.5	0.0	10.78
0.0	0_2.5	8	1n	2.72	1.81	214.0	9.9	0.3	6.45	0.8	0.0	2.5	0.0	13.52
0.0	0_2.5	9	1n	3.33	2.15	104.0	8.85	0.6	7.65	0.86	0.0	2.5	0.0	13.15
0.0	0_2.5	10	1n	3.87	2.2	105.0	13.25	1.05	7.68	1.61	0.0	2.5	0.0	17.65
0.0	0_2.5	11	1n	2.77	2.25	116.0	15.25	0.46			0.0	2.5	0.0	19.75
0.0	0_2.5	12	1n	1.78	1.31	157.0	7.4	0.2			0.0	2.5	0.0	10.02
5.0	2.5_7.5	1	1n	1.28	1.48	147.0	9.7	0.2			2.5	7.5	0.0	12.66
5.0	2.5_7.5	2	1n	2.78	3.88	131.0	18.1	0.2			2.5	7.5	0.0	25.86
5.0	2.5_7.5	3	1n	5.17	5.62	117.0	26.5	0.5	15.66	0.6	2.5	7.5	0.0	37.74
5.0	2.5_7.5	4	1n	2.52	2.0	100.0	15.1	0.5			2.5	7.5	0.0	19.1
5.0	2.5_7.5	5	1n	2.62	1.79	122.0	13.3	0.3			2.5	7.5	0.0	16.88
5.0	2.5_7.5	6	1n	3.16	2.49	157.0	16.0	0.2			2.5	7.5	0.0	20.98
5.0	2.5_7.5	7	1n	2.48	2.17	174.0	18.0	0.4			2.5	7.5	0.0	22.34
5.0	2.5_7.5	8	1n	2.93	2.27	169.0	14.0	0.5			2.5	7.5	0.0	18.54
5.0	2.5_7.5	9	1n	2.94	1.69	103.0	7.6	0.45			2.5	7.5	0.0	10.98
5.0	2.5_7.5	10	1n	3.44	2.19	105.0	14.9	0.5	7.94	1.2	2.5	7.5	0.0	19.28
5.0	2.5_7.5	11	1n	2.32	1.74	110.0	12.2	0.3			2.5	7.5	0.0	15.68
5.0	2.5_7.5	12	1n	1.38	1.02	140.0	5.2	0.2			2.5	7.5	0.0	7.24
10.0	7.5_12.5	1	1n	0.88	1.15	115.0	8.0	0.1			7.5	12.5	0.0	10.3
10.0	7.5_12.5	2	1n	1.65	2.82	111.0	14.6	0.1			7.5	12.5	0.0	20.24
10.0	7.5_12.5	3	1n	4.87	5.23	104.0	25.6	0.1			7.5	12.5	0.0	36.06
10.0	7.5_12.5	4	1n	2.19	1.89	99.0	12.5	0.4			7.5	12.5	0.0	16.28
10.0	7.5_12.5	5	1n	2.26	2.05	114.0	15.7	0.2			7.5	12.5	0.0	19.8
10.0	7.5_12.5	6	1n	2.73	1.64	120.0	10.0	0.8			7.5	12.5	0.0	13.28
10.0	7.5_12.5	7	1n	2.29	1.84	132.0	16.8	0.6			7.5	12.5	0.0	20.48
10.0	7.5_12.5	8	1n	2.66	2.59	134.0	22.7	0.4			7.5	12.5	0.0	27.88
10.0	7.5_12.5	9	1n	2.25	1.55	103.0	9.61	0.3	4.55	0.71	7.5	12.5	0.0	12.71
10.0	7.5_12.5	10	1n	2.32	1.69	102.0	7.8	0.3			7.5	12.5	0.0	11.18
10.0	7.5_12.5	11	1n	1.75	1.42	110.0	10.1	0.3			7.5	12.5	0.0	12.94
10.0	7.5_12.5	12	1n	1.16	0.86	116.0	4.4	0.1			7.5	12.5	0.0	6.12
15.0	12.5_17.5	1	1n	0.69	1.03	70.0	6.2	0.1			12.5	17.5	0.0	8.26
15.0	12.5_17.5	2	1n	1.36	2.51	68.0	13.9	0.2			12.5	17.5	0.0	18.92
15.0	12.5_17.5	3	1n	3.83	4.45	75.0	21.4	0.1			12.5	17.5	0.0	30.3
15.0	12.5_17.5	4	1n	2.21	2.3	72.0	13.5	0.4			12.5	17.5	0.0	18.1
15.0	12.5_17.5	5	1n	1.52	1.24	75.0	7.0	0.1			12.5	17.5	0.0	9.48
15.0	12.5_17.5	6	1n	2.07	1.11	68.0	5.7	0.5			12.5	17.5	0.0	7.92
15.0	12.5_17.5	7	1n	1.58	1.3	67.0	8.1	0.2			12.5	17.5	0.0	10.7
15.0	12.5_17.5	8	1n	1.75	1.99	75.0	15.0	0.3			12.5	17.5	0.0	18.98
15.0	12.5_17.5	9	1n	1.46	0.96	72.0	5.3	0.1			12.5	17.5	0.0	7.22
15.0	12.5_17.5	10	1n	1.64	1.52	73.0	7.5	0.3			12.5	17.5	0.0	10.54
15.0	12.5_17.5	11	1n	1.46	1.62	74.0	11.9	0.1			12.5	17.5	0.0	15.14
15.0	12.5_17.5	12	1n	1.01	0.85	75.0	4.1	0.1			12.5	17.5	0.0	5.8
20.0	17.5_22.5	1	1n	0.6	1.13	68.0	7.7	0.1			17.5	22.5	0.0	9.96
20.0	17.5_22.5	2	1n	0.82	1.19	69.0	5.9	0.2			17.5	22.5	0.0	8.28
20.0	17.5_22.5	3	1n	2.99	3.42	76.0	15.7	0.1	10.47	0.2	17.5	22.5	0.0	22.54
20.0	17.5_22.5	4	1n	1.71	1.31	72.0	5.1	0.3			17.5	22.5	0.0	7.72
20.0	17.5_22.5	5	1n	1.01	1.05	75.0	6.5	0.1			17.5	22.5	0.0	8.6
20.0	17.5_22.5	6	1n	1.89	1.61	67.0	10.5	0.3			17.5	22.5	0.0	13.72
20.0	17.5_22.5	7	1n	1.28	1.39	67.0	9.3	0.2	2.87	0.4	17.5	22.5	0.0	12.08
20.0	17.5_22.5	8	1n	0.82	0.56	74.0	2.99	0.1			17.5	22.5	0.0	4.11
20.0	17.5_22.5	9	1n	0.94	0.65	73.0	2.8	0.1	2.3	0.2	17.5	22.5	0.0	4.1
20.0	17.5_22.5	10	1n	1.11	1.07	72.0	4.8	0.2			17.5	22.5	0.0	6.94
20.0	17.5_22.5	11	1n	1.12	1.49	73.0	11.0	0.1			17.5	22.5	0.0	13.98
20.0	17.5_22.5	12	1n	0.74	0.57	75.0	3.0	0.1	2.02	0.2	17.5	22.5	0.0	4.14
30.0	27.5_35.0	1	1n	0.57	1.05	34.0	6.4	0.1			27.5	35.0	0.0	8.5
30.0	27.5_35.0	2	1n	0.46	0.22	33.0	1.2	0.2			27.5	35.0	0.0	1.64
30.0	27.5_35.0	3	1n	1.57	1.24	36.0	5.2	0.1			27.5	35.0	0.0	7.68
30.0	27.5_35.0	4	1n	1.52	1.33	32.0	4.9	0.4			27.5	35.0	0.0	7.56
30.0	27.5_35.0	5	1n	0.73	0.49	36.0	3.1	0.2	1.23	0.28	27.5	35.0	0.0	4.08
30.0	27.5_35.0	6	1n	1.48	1.25	33.0	4.7	0.2			27.5	35.0	0.0	7.2
30.0	27.5_35.0	7	1n	0.88	0.75	32.0	3.3	0.1			27.5	35.0	0.0	4.8
30.0	27.5_35.0	8	1n	0.44	0.35	36.0	2.1	0.1			27.5	35.0	0.0	2.8
30.0	27.5_35.0	9	1n	0.65	1.0	35.0	6.1	0.1			27.5	35.0	0.0	8.1
30.0	27.5_35.0	10	1n	0.73	0.87	34.0	4.6	0.1			27.5	35.0	0.0	6.34
30.0	27.5_35.0	11	1n	0.71	0.61	36.0	3.2	0.2			27.5	35.0	0.0	4.42
30.0	27.5_35.0	12	1n	0.51	0.28	36.0	1.5	0.2			27.5	35.0	0.0	2.06
0.0	0_2.5	1	1s	2.39	4.48	103.0	42.3	0.3			0.0	2.5	0.0	51.26
0.0	0_2.5	2	1s	2.15	2.81	105.0	16.3	0.25			0.0	2.5	0.0	21.92
0.0	0_2.5	3	1s	5.37	5.06	110.0	25.4	0.25			0.0	2.5	0.0	35.52
0.0	0_2.5	4	1s	2.74	2.18	103.0	10.85	0.6			0.0	2.5	0.0	15.21
0.0	0_2.5	5	1s	2.73	1.6	121.0	8.3	0.8	5.95	1.03	0.0	2.5	0.0	11.5
0.0	0_2.5	6	1s	2.74	1.82	109.0	11.15	0.4			0.0	2.5	0.0	14.79
0.0	0_2.5	7	1s	2.64	2.06	108.0	11.0	0.2	6.06	0.4	0.0	2.5	0.0	15.12
0.0	0_2.5	8	1s	3.49	2.7	115.0	15.09	0.4			0.0	2.5	0.0	20.49
0.0	0_2.5	9	1s	4.07	2.66	112.0	12.2	0.6	9.59	1.0	0.0	2.5	0.0	17.52
0.0	0_2.5	10	1s	4.95	4.48	113.0	37.4	1.05			0.0	2.5	0.0	46.36
0.0	0_2.5	11	1s	3.11	1.93	114.0	10.6	0.4			0.0	2.5	0.0	14.46
0.0	0_2.5	12	1s	2.85	2.52	116.0	17.41	0.16			0.0	2.5	0.0	22.45
5.0	2.5_7.5	1	1s	1.87	1.98	102.0	10.7	0.3			2.5	7.5	0.0	14.66
5.0	2.5_7.5	2	1s	2.18	3.06	104.0	15.9	0.2			2.5	7.5	0.0	22.02
5.0	2.5_7.5	3	1s	5.92	5.56	109.0	21.7	0.3			2.5	7.5	0.0	32.82
5.0	2.5_7.5	4	1s	2.33	2.07	103.0	14.4	0.4			2.5	7.5	0.0	18.54
5.0	2.5_7.5	5	1s	3.14	2.58	121.0	21.5	0.8	6.9	1.0	2.5	7.5	0.0	26.66
5.0	2.5_7.5	6	1s	2.87	1.99	109.0	10.57	0.5	6.46	0.74	2.5	7.5	0.0	14.55
5.0	2.5_7.5	7	1s	2.28	1.56	108.0	9.7	0.3	4.96	0.5	2.5	7.5	0.0	12.82
5.0	2.5_7.5	8	1s	2.87	2.09	115.0	11.2	0.4			2.5	7.5	0.0	15.38
5.0	2.5_7.5	9	1s	3.35	2.32	112.0	11.3	0.4	8.53	1.0	2.5	7.5	0.0	15.94
5.0	2.5_7.5	10	1s	3.49	2.16	113.0	15.1	1.0			2.5	7.5	0.0	19.42
5.0	2.5_7.5	11	1s	2.52	1.49	114.0	6.06	0.4			2.5	7.5	0.0	9.04
5.0	2.5_7.5	12	1s	2.32	1.79	116.0	11.5	0.08	5.1	0.47	2.5	7.5	0.0	15.08
10.0	7.5_12.5	1	1s	1.51	1.73	101.0	9.0	0.2			7.5	12.5	0.0	12.46
10.0	7.5_12.5	2	1s	2.04	3.0	104.0	15.3	0.1			7.5	12.5	0.0	21.3
10.0	7.5_12.5	3	1s	4.74	4.67	109.0	20.0	0.1			7.5	12.5	0.0	29.34
10.0	7.5_12.5	4	1s	2.07	2.26	103.0	15.0	0.2			7.5	12.5	0.0	19.52
10.0	7.5_12.5	5	1s	2.45	1.96	120.0	17.57	0.4	5.5	0.7	7.5	12.5	0.0	21.49
10.0	7.5_12.5	6	1s	2.71	1.61	107.0	9.5	0.5			7.5	12.5	0.0	12.72
10.0	7.5_12.5	7	1s	2.06	1.14	105.0	6.6	0.5	4.38	0.72	7.5	12.5	0.0	8.88
10.0	7.5_12.5	8	1s	2.17	1.3	113.0	7.5	0.2	4.68	0.77	7.5	12.5	0.0	10.1
10.0	7.5_12.5	9	1s	2.1	1.54	110.0	9.0	0.1			7.5	12.5	0.0	12.08
10.0	7.5_12.5	10	1s	2.29	1.15	111.0	5.4	0.45			7.5	12.5	0.0	7.7
10.0	7.5_12.5	11	1s	2.02	1.25	112.0	5.9	0.3			7.5	12.5	0.0	8.4
10.0	7.5_12.5	12	1s	1.67	1.24	112.0	6.7	0.08	4.01	0.3	7.5	12.5	0.0	9.18
15.0	12.5_17.5	1	1s	1.03	1.1	66.0	5.6	0.1			12.5	17.5	0.0	7.8
15.0	12.5_17.5	2	1s	1.66	2.63	70.0	15.4	0.1			12.5	17.5	0.0	20.66
15.0	12.5_17.5	3	1s	4.03	3.72	71.0	19.5	0.1			12.5	17.5	0.0	26.94
15.0	12.5_17.5	4	1s	1.76	2.03	67.0	15.4	0.2			12.5	17.5	0.0	19.46
15.0	12.5_17.5	5	1s	1.71	1.86	78.0	11.5	0.2			12.5	17.5	0.0	15.22
15.0	12.5_17.5	6	1s	2.14	1.5	70.0	10.59	0.5			12.5	17.5	0.0	13.59
15.0	12.5_17.5	7	1s	1.74	0.9	70.0	4.65	0.2			12.5	17.5	0.0	6.45
15.0	12.5_17.5	8	1s	2.02	1.48	73.0	8.4	0.1			12.5	17.5	0.0	11.36
15.0	12.5_17.5	9	1s	1.53	1.21	73.0	6.61	0.1			12.5	17.5	0.0	9.03
15.0	12.5_17.5	10	1s	1.77	1.31	73.0	8.7	0.1			12.5	17.5	0.0	11.32
15.0	12.5_17.5	11	1s	1.71	1.17	73.0	5.0	0.2			12.5	17.5	0.0	7.34
15.0	12.5_17.5	12	1s	1.48	1.26	74.0	6.5	0.08			12.5	17.5	0.0	9.02
20.0	17.5_22.5	1	1s	0.71	0.9	50.0	5.0	0.1			17.5	22.5	0.0	6.8
20.0	17.5_22.5	2	1s	1.22	2.34	52.0	14.8	0.1	4.38	0.2	17.5	22.5	0.0	19.48
20.0	17.5_22.5	3	1s	2.57	2.99	54.0	19.2	0.1			17.5	22.5	0.0	25.18
20.0	17.5_22.5	4	1s	1.67	1.67	48.0	10.4	0.3			17.5	22.5	0.0	13.74
20.0	17.5_22.5	5	1s	0.96	1.37	59.0	10.3	0.1	2.08	0.29	17.5	22.5	0.0	13.04
20.0	17.5_22.5	6	1s	1.36	1.01	51.0	5.06	0.3			17.5	22.5	0.0	7.08
20.0	17.5_22.5	7	1s	1.25	0.82	52.0	4.5	0.1			17.5	22.5	0.0	6.14
20.0	17.5_22.5	8	1s	1.06	1.09	55.0	7.2	0.1			17.5	22.5	0.0	9.38
20.0	17.5_22.5	9	1s	1.26	2.7	55.0	20.1	0.1			17.5	22.5	0.0	25.5
20.0	17.5_22.5	10	1s	1.25	1.11	56.0	6.1	0.1			17.5	22.5	0.0	8.32
20.0	17.5_22.5	11	1s	1.31	1.22	55.0	6.1	0.2			17.5	22.5	0.0	8.54
20.0	17.5_22.5	12	1s	1.13	1.15	54.0	6.5	0.16			17.5	22.5	0.0	8.8
25.0	22.5_27.5	1	1s	0.58	0.3	25.0	1.4	0.1	1.06	0.1	22.5	27.5	0.0	2.0
25.0	22.5_27.5	2	1s	1.05	1.77	26.0	8.0	0.1	4.62	0.2	22.5	27.5	0.0	11.54
25.0	22.5_27.5	3	1s	2.03	1.53	27.0	5.8	0.1	4.62	0.26	22.5	27.5	0.0	8.86
25.0	22.5_27.5	4	1s	1.87	2.04	21.0	9.2	0.3			22.5	27.5	0.0	13.28
25.0	22.5_27.5	5	1s	0.8	0.44	30.0	2.2	0.3	1.6	0.3	22.5	27.5	0.0	3.08
25.0	22.5_27.5	6	1s	1.47	1.35	26.0	5.4	0.1	4.03	0.4	22.5	27.5	0.0	8.1
25.0	22.5_27.5	7	1s	1.04	0.8	26.0	3.6	0.4	2.85	0.4	22.5	27.5	0.0	5.2
25.0	22.5_27.5	8	1s	1.41	3.25	27.0	17.5	0.2	1.95	0.3	22.5	27.5	0.0	24.0
25.0	22.5_27.5	9	1s	0.76	0.68	28.0	3.5	0.1			22.5	27.5	0.0	4.86
25.0	22.5_27.5	10	1s	0.83	0.61	28.0	2.9	0.2	1.83	0.3	22.5	27.5	0.0	4.12
25.0	22.5_27.5	11	1s	1.22	1.1	29.0	5.4	0.2	2.76	0.24	22.5	27.5	0.0	7.6
25.0	22.5_27.5	12	1s	1.0	0.8	28.0	3.71	0.2			22.5	27.5	0.0	5.31
30.0	27.5_35.0	1	1s	0.7	0.79	31.0	4.7	0.1			27.5	35.0	0.0	6.28
30.0	27.5_35.0	2	1s	1.06	2.34	32.0	13.5	0.1			27.5	35.0	0.0	18.18
30.0	27.5_35.0	3	1s	1.83	1.31	33.0	5.3	0.1			27.5	35.0	0.0	7.92
30.0	27.5_35.0	4	1s	1.83	1.52	32.0	6.0	0.3			27.5	35.0	0.0	9.04
30.0	27.5_35.0	5	1s	0.81	0.41	32.0	1.7	0.3			27.5	35.0	0.0	2.52
30.0	27.5_35.0	6	1s	1.33	1.5	32.0	6.4	0.1			27.5	35.0	0.0	9.4
30.0	27.5_35.0	7	1s	0.88	0.75	34.0	3.9	0.1			27.5	35.0	0.0	5.4
30.0	27.5_35.0	8	1s	0.54	0.26	34.0	1.1	0.1			27.5	35.0	0.0	1.62
30.0	27.5_35.0	9	1s	0.56	0.28	34.0	1.2	0.1			27.5	35.0	0.0	1.76
30.0	27.5_35.0	10	1s	0.76	0.51	33.0	2.3	0.1			27.5	35.0	0.0	3.32
30.0	27.5_35.0	11	1s	0.89	0.58	31.0	2.7	0.1			27.5	35.0	0.0	3.86
30.0	27.5_35.0	12	1s	0.84	0.67	30.0	3.2	0.2			27.5	35.0	0.0	4.54
0.0	0_2.5	1	2	1.03	1.46	171.0	9.7	0.1			0.0	2.5	0.0	12.62
0.0	0_2.5	2	2	1.74	3.64	167.0	28.4	0.1			0.0	2.5	0.0	35.68
0.0	0_2.5	3	2	5.17	6.47	167.0	36.5	0.1			0.0	2.5	0.0	49.44
0.0	0_2.5	4	2	5.27	6.17	170.0	37.15	0.35			0.0	2.5	0.0	49.49
0.0	0_2.5	5	2	3.36	2.0	196.0	12.4	0.5	6.79	1.19	0.0	2.5	0.0	16.4
0.0	0_2.5	6	2	3.13	2.4	215.0	14.0	0.4			0.0	2.5	0.0	18.8
0.0	0_2.5	7	2	2.71	1.91	222.0	11.5	0.32	6.72	0.7	0.0	2.5	0.0	15.32
0.0	0_2.5	8	2	3.61	2.81	227.0	18.1	0.41			0.0	2.5	0.0	23.72
0.0	0_2.5	9	2	4.96	3.38	173.0	18.15	0.41			0.0	2.5	0.0	24.91
0.0	0_2.5	10	2	5.02	3.52	177.0	31.7	0.7			0.0	2.5	0.0	38.74
0.0	0_2.5	11	2	3.75	3.12	180.0	18.5	0.15			0.0	2.5	0.0	24.74
0.0	0_2.5	12	2	1.43	1.49	193.0	9.7	0.1			0.0	2.5	0.0	12.68
5.0	2.5_7.5	1	2	0.78	1.27	164.0	9.35	0.1			2.5	7.5	0.0	11.89
5.0	2.5_7.5	2	2	1.42	2.86	159.0	16.3	0.1			2.5	7.5	0.0	22.02
5.0	2.5_7.5	3	2	4.51	6.0	164.0	33.0	0.1			2.5	7.5	0.0	45.0
5.0	2.5_7.5	4	2	4.54	5.84	169.0	35.8	0.2			2.5	7.5	0.0	47.48
5.0	2.5_7.5	5	2	3.14	1.97	185.0	14.5	0.3			2.5	7.5	0.0	18.44
5.0	2.5_7.5	6	2	3.51	2.45	191.0	13.62	0.5			2.5	7.5	0.0	18.52
5.0	2.5_7.5	7	2	2.69	1.83	196.0	11.0	0.26			2.5	7.5	0.0	14.66
5.0	2.5_7.5	8	2	3.13	2.35	205.0	18.4	0.4			2.5	7.5	0.0	23.1
5.0	2.5_7.5	9	2	3.98	2.59	172.0	16.0	0.1			2.5	7.5	0.0	21.18
5.0	2.5_7.5	10	2	3.92	3.03	177.0	27.3	0.2			2.5	7.5	0.0	33.36
5.0	2.5_7.5	11	2	2.76	2.39	181.0	9.8	0.1	7.78	0.3	2.5	7.5	0.0	14.58
5.0	2.5_7.5	12	2	1.01	0.94	188.0	7.4	0.1			2.5	7.5	0.0	9.28
10.0	7.5_12.5	1	2	0.53	0.95	154.0	8.4	0.1			7.5	12.5	0.0	10.3
10.0	7.5_12.5	2	2	0.86	2.03	151.0	14.4	0.1			7.5	12.5	0.0	18.46
10.0	7.5_12.5	3	2	2.75	4.28	162.0	29.9	0.1			7.5	12.5	0.0	38.46
10.0	7.5_12.5	4	2	2.76	3.15	170.0	17.0	0.1			7.5	12.5	0.0	23.3
10.0	7.5_12.5	5	2	1.94	1.56	185.0	7.3	0.2			7.5	12.5	0.0	10.42
10.0	7.5_12.5	6	2	3.63	3.52	182.0	29.0	0.1			7.5	12.5	0.0	36.04
10.0	7.5_12.5	7	2	2.44	1.79	183.0	9.4	0.2			7.5	12.5	0.0	12.98
10.0	7.5_12.5	8	2	2.37	1.73	189.0	15.0	0.3			7.5	12.5	0.0	18.46
10.0	7.5_12.5	9	2	2.36	1.86	173.0	13.5	0.1			7.5	12.5	0.0	17.22
10.0	7.5_12.5	10	2	2.23	1.87	177.0	10.0	0.15			7.5	12.5	0.0	13.74
10.0	7.5_12.5	11	2	1.6	1.59	180.0	7.45	0.1	4.92	0.2	7.5	12.5	0.0	10.63
10.0	7.5_12.5	12	2	0.63	0.55	176.0	2.8	0.1			7.5	12.5	0.0	3.9
15.0	12.5_17.5	1	2	0.41	0.72	144.0	6.1	0.1			12.5	17.5	0.0	7.54
15.0	12.5_17.5	2	2	0.61	1.3	147.0	7.9	0.1			12.5	17.5	0.0	10.5
15.0	12.5_17.5	3	2	1.91	3.19	161.0	19.5	0.1			12.5	17.5	0.0	25.88
15.0	12.5_17.5	4	2	1.6	1.97	169.0	17.82	0.1			12.5	17.5	0.0	21.76
15.0	12.5_17.5	5	2	1.1	1.27	180.0	7.9	0.1			12.5	17.5	0.0	10.44
15.0	12.5_17.5	6	2	1.65	1.73	171.0	12.1	0.1			12.5	17.5	0.0	15.56
15.0	12.5_17.5	7	2	1.68	2.49	169.0	28.77	0.1			12.5	17.5	0.0	33.75
15.0	12.5_17.5	8	2	1.47	2.94	181.0	38.96	0.1			12.5	17.5	0.0	44.84
15.0	12.5_17.5	9	2	1.34	1.47	172.0	9.8	0.1			12.5	17.5	0.0	12.74
15.0	12.5_17.5	10	2	1.34	1.68	176.0	14.93	0.1			12.5	17.5	0.0	18.29
15.0	12.5_17.5	11	2	1.01	1.38	180.0	10.23	0.1	3.01	0.1	12.5	17.5	0.0	12.99
15.0	12.5_17.5	12	2	0.47	0.41	171.0	2.46	0.1			12.5	17.5	0.0	3.28
20.0	17.5_22.5	1	2	0.45	0.69	142.0	5.9	0.1			17.5	22.5	0.0	7.28
20.0	17.5_22.5	2	2	0.51	0.77	147.0	5.1	0.05			17.5	22.5	0.0	6.64
20.0	17.5_22.5	3	2	1.4	2.29	160.0	15.7	0.1			17.5	22.5	0.0	20.28
20.0	17.5_22.5	4	2	1.04	1.06	168.0	7.24	0.1			17.5	22.5	0.0	9.36
20.0	17.5_22.5	5	2	0.65	0.65	178.0	4.9	0.1			17.5	22.5	0.0	6.2
20.0	17.5_22.5	6	2	1.12	1.27	170.0	6.4	0.1			17.5	22.5	0.0	8.94
20.0	17.5_22.5	7	2	1.09	1.88	170.0	17.0	0.1			17.5	22.5	0.0	20.76
20.0	17.5_22.5	8	2	0.81	1.08	181.0	10.68	0.1			17.5	22.5	0.0	12.84
20.0	17.5_22.5	9	2	1.02	1.67	172.0	11.24	0.1			17.5	22.5	0.0	14.58
20.0	17.5_22.5	10	2	1.02	1.42	175.0	9.62	0.1			17.5	22.5	0.0	12.46
20.0	17.5_22.5	11	2	0.94	1.5	180.0	9.82	0.1	3.53	0.1	17.5	22.5	0.0	12.82
20.0	17.5_22.5	12	2	0.52	0.84	170.0	7.48	0.1			17.5	22.5	0.0	9.16
25.0	22.5_27.5	1	2	0.24	0.21	22.0	0.8	0.1			22.5	27.5	0.0	1.22
25.0	22.5_27.5	2	2	0.23	0.19	20.0	0.75	0.1			22.5	27.5	0.0	1.13
25.0	22.5_27.5	3	2	1.07	1.16	21.0	4.0	0.1			22.5	27.5	0.0	6.32
25.0	22.5_27.5	4	2	0.67	0.38	17.0	1.3	0.1			22.5	27.5	0.0	2.06
25.0	22.5_27.5	5	2	0.6	0.57	24.0	2.2	0.1			22.5	27.5	0.0	3.34
25.0	22.5_27.5	6	2	0.87	0.74	25.0	3.1	0.2			22.5	27.5	0.0	4.58
25.0	22.5_27.5	7	2	0.56	0.56	22.0	2.8	0.1			22.5	27.5	0.0	3.92
25.0	22.5_27.5	8	2	0.38	0.29	28.0	1.3	0.1			22.5	27.5	0.0	1.88
25.0	22.5_27.5	9	2	0.4	0.35	28.0	1.8	0.1			22.5	27.5	0.0	2.5
25.0	22.5_27.5	10	2	0.4	0.36	28.0	1.8	0.1			22.5	27.5	0.0	2.52
25.0	22.5_27.5	11	2	0.5	0.5	30.0	2.0	0.1			22.5	27.5	0.0	3.0
25.0	22.5_27.5	12	2	0.3	0.21	27.0	1.0	0.1			22.5	27.5	0.0	1.42
30.0	27.5_35.0	1	2	0.36	0.51	139.0	4.9	0.03			27.5	35.0	0.0	5.92
30.0	27.5_35.0	2	2	0.36	0.37	138.0	2.6	0.1			27.5	35.0	0.0	3.34
30.0	27.5_35.0	3	2	0.64	0.65	149.0	3.4	0.1			27.5	35.0	0.0	4.7
30.0	27.5_35.0	4	2	0.75	0.67	159.0	3.7	0.1			27.5	35.0	0.0	5.04
30.0	27.5_35.0	5	2	0.43	0.34	172.0	1.6	0.1			27.5	35.0	0.0	2.28
30.0	27.5_35.0	6	2	0.65	0.81	161.0	5.9	0.1			27.5	35.0	0.0	7.52
30.0	27.5_35.0	7	2	0.62	1.23	161.0	14.6	0.1			27.5	35.0	0.0	17.06
30.0	27.5_35.0	8	2	0.38	0.36	174.0	2.4	0.1			27.5	35.0	0.0	3.12
30.0	27.5_35.0	9	2	0.41	0.69	167.0	7.2	0.08			27.5	35.0	0.0	8.58
30.0	27.5_35.0	10	2	0.46	0.55	167.0	3.3	0.1			27.5	35.0	0.0	4.4
30.0	27.5_35.0	11	2	0.47	0.66	170.0	7.58	0.1			27.5	35.0	0.0	8.9
30.0	27.5_35.0	12	2	0.36	0.37	165.0	2.9	0.1			27.5	35.0	0.0	3.64
40.0	35.0_45.0	1	2	0.3	0.4	17.0	1.8	0.1			35.0	45.0	0.0	2.6
40.0	35.0_45.0	2	2	0.39	0.5	18.0	2.3	0.1			35.0	45.0	0.0	3.3
40.0	35.0_45.0	3	2	1.07	1.9	19.0	8.6	0.1			35.0	45.0	0.0	12.4
40.0	35.0_45.0	4	2	0.59	0.56	18.0	1.95	0.1			35.0	45.0	0.0	3.07
40.0	35.0_45.0	5	2	0.61	1.55	19.0	7.0	0.1			35.0	45.0	0.0	10.1
40.0	35.0_45.0	6	2	0.44	0.45	19.0	2.1	0.1			35.0	45.0	0.0	3.0
40.0	35.0_45.0	7	2	0.42	0.44	19.0	2.1	0.15			35.0	45.0	0.0	2.98
40.0	35.0_45.0	8	2	0.19	0.07	19.0	0.3	0.1			35.0	45.0	0.0	0.44
40.0	35.0_45.0	9	2	0.2	0.11	21.0	0.5	0.1			35.0	45.0	0.0	0.72
40.0	35.0_45.0	10	2	0.43	0.59	21.0	2.9	0.1			35.0	45.0	0.0	4.08
40.0	35.0_45.0	11	2	0.33	0.17	18.0	0.9	0.1			35.0	45.0	0.0	1.24
40.0	35.0_45.0	12	2	0.28	0.14	20.0	0.7	0.1			35.0	45.0	0.0	0.98
50.0	45.0_55.0	2	2	0.43	0.63	17.0	2.8	0.1			45.0	55.0	0.0	4.06
50.0	45.0_55.0	3	2	0.65	0.44	16.0	1.6	0.1			45.0	55.0	0.0	2.48
50.0	45.0_55.0	4	2	0.33	0.18	18.0	0.8	0.1			45.0	55.0	0.0	1.16
50.0	45.0_55.0	6	2	0.42	0.33	17.0	1.35	0.1			45.0	55.0	0.0	2.01
50.0	45.0_55.0	7	2	0.36	0.32	18.0	1.5	0.1			45.0	55.0	0.0	2.14
50.0	45.0_55.0	8	2	0.18	0.08	18.0	0.4	0.1			45.0	55.0	0.0	0.56
50.0	45.0_55.0	9	2	0.21	0.1	18.0	0.45	0.1			45.0	55.0	0.0	0.65
50.0	45.0_55.0	10	2	0.31	0.19	17.0	0.8	0.1			45.0	55.0	0.0	1.18
50.0	45.0_55.0	11	2	0.38	0.27	17.0	1.05	0.1			45.0	55.0	0.0	1.59
50.0	45.0_55.0	12	2	0.26	0.13	17.0	0.6	0.1			45.0	55.0	0.0	0.86
0.0	0_2.5	6	20	5.84	3.52	25.0	13.0	1.9			0.0	2.5	0.0	20.04
0.0	0_2.5	7	20	6.16	5.91	42.0	32.0	1.5			0.0	2.5	0.0	43.82
0.0	0_2.5	8	20	4.12	2.44	44.0	11.0	1.15			0.0	2.5	0.0	15.88
0.0	0_2.5	5	22	1.97	1.17	93.0	6.2	0.55			0.0	2.5	0.0	8.54
0.0	0_2.5	6	22	2.07	0.99	218.0	6.9	0.85			0.0	2.5	0.0	8.88
0.0	0_2.5	7	22	3.67	2.5	92.0	14.0	1.0			0.0	2.5	0.0	19.0
0.0	0_2.5	8	22	2.59	1.98	226.0	20.0	0.7			0.0	2.5	0.0	23.96
0.0	0_2.5	9	22	2.28	1.71	176.0	16.0	0.5			0.0	2.5	0.0	19.42
0.0	0_2.5	10	22	2.29	1.44	38.0	8.5	1.0			0.0	2.5	0.0	11.38
0.0	0_2.5	6	24	7.66	3.18	38.0	15.92	2.4			0.0	2.5	0.0	22.28
0.0	0_2.5	7	24	5.59	4.78	209.0	26.8	0.94			0.0	2.5	0.0	36.36
0.0	0_2.5	8	24	7.61	6.08	236.0	45.7	0.8			0.0	2.5	0.0	57.86
0.0	0_2.5	1	3	1.28	1.36	65.0	7.8	0.2			0.0	2.5	0.0	10.52
0.0	0_2.5	2	3	2.46	4.2	69.0	21.95	0.1			0.0	2.5	0.0	30.35
0.0	0_2.5	3	3	5.75	5.36	66.0	30.0	0.35			0.0	2.5	0.0	40.72
0.0	0_2.5	4	3	2.52	2.31	67.0	11.65	0.4			0.0	2.5	0.0	16.27
0.0	0_2.5	5	3	2.38	2.22	75.0	19.5	0.84			0.0	2.5	0.0	23.94
0.0	0_2.5	6	3	2.38	1.5	73.0	6.9	0.35			0.0	2.5	0.0	9.9
0.0	0_2.5	7	3	1.8	1.1	71.0	5.45	0.29	4.3	0.6	0.0	2.5	0.0	7.65
0.0	0_2.5	8	3	2.17	1.74	78.0	11.65	0.4			0.0	2.5	0.0	15.13
0.0	0_2.5	9	3	2.98	1.92	72.0	11.75	0.38			0.0	2.5	0.0	15.59
0.0	0_2.5	10	3	3.71	1.88	70.0	12.5	1.0			0.0	2.5	0.0	16.26
0.0	0_2.5	11	3	2.8	1.69	72.0	8.29	0.3	5.7	0.65	0.0	2.5	0.0	11.67
0.0	0_2.5	12	3	1.65	1.07	69.0	4.9	0.2	3.78	0.38	0.0	2.5	0.0	7.04
5.0	2.5_7.5	1	3	1.17	1.09	64.0	5.7	0.1			2.5	7.5	0.0	7.88
5.0	2.5_7.5	2	3	2.23	3.7	69.0	18.5	0.1			2.5	7.5	0.0	25.9
5.0	2.5_7.5	3	3	5.78	5.46	66.0	30.0	0.4			2.5	7.5	0.0	40.92
5.0	2.5_7.5	4	3	2.65	2.41	67.0	14.0	0.2			2.5	7.5	0.0	18.82
5.0	2.5_7.5	5	3	2.43	2.52	73.0	22.0	0.7			2.5	7.5	0.0	27.04
5.0	2.5_7.5	6	3	2.32	1.64	69.0	10.2	0.4			2.5	7.5	0.0	13.48
5.0	2.5_7.5	7	3	1.74	0.87	67.0	4.4	0.36			2.5	7.5	0.0	6.14
5.0	2.5_7.5	8	3	1.9	1.32	74.0	7.9	0.46			2.5	7.5	0.0	10.54
5.0	2.5_7.5	9	3	2.65	1.48	72.0	8.5	0.32			2.5	7.5	0.0	11.46
5.0	2.5_7.5	10	3	3.01	1.42	70.0	6.1	0.8			2.5	7.5	0.0	8.94
5.0	2.5_7.5	11	3	2.37	1.6	71.0	7.12	0.2			2.5	7.5	0.0	10.32
5.0	2.5_7.5	12	3	1.44	1.08	69.0	4.71	0.1	3.92	0.34	2.5	7.5	0.0	6.87
10.0	7.5_12.5	1	3	1.03	1.03	65.0	6.2	0.1			7.5	12.5	0.0	8.26
10.0	7.5_12.5	2	3	2.26	4.05	69.0	19.4	0.1			7.5	12.5	0.0	27.5
10.0	7.5_12.5	3	3	5.33	5.87	65.0	27.8	0.1			7.5	12.5	0.0	39.54
10.0	7.5_12.5	4	3	2.47	2.0	66.0	10.7	0.1			7.5	12.5	0.0	14.7
10.0	7.5_12.5	5	3	2.27	3.18	72.0	26.75	0.2			7.5	12.5	0.0	33.11
10.0	7.5_12.5	6	3	2.29	1.21	68.0	6.0	0.3			7.5	12.5	0.0	8.42
10.0	7.5_12.5	7	3	1.75	0.81	67.0	4.5	0.41			7.5	12.5	0.0	6.12
10.0	7.5_12.5	8	3	1.89	1.42	74.0	9.5	0.1			7.5	12.5	0.0	12.34
10.0	7.5_12.5	9	3	1.99	1.05	72.0	6.0	0.39			7.5	12.5	0.0	8.1
10.0	7.5_12.5	10	3	2.25	1.26	70.0	5.1	0.2			7.5	12.5	0.0	7.62
10.0	7.5_12.5	11	3	1.93	1.44	70.0	7.81	0.2			7.5	12.5	0.0	10.69
10.0	7.5_12.5	12	3	1.23	0.99	69.0	5.07	0.2	3.32	0.2	7.5	12.5	0.0	7.05
15.0	12.5_17.5	1	3	0.86	1.01	63.0	6.1	0.1			12.5	17.5	0.0	8.12
15.0	12.5_17.5	2	3	1.92	3.81	69.0	18.8	0.1			12.5	17.5	0.0	26.42
15.0	12.5_17.5	3	3	4.14	5.05	66.0	30.0	0.1			12.5	17.5	0.0	40.1
15.0	12.5_17.5	4	3	2.25	2.02	66.0	9.2	0.1			12.5	17.5	0.0	13.24
15.0	12.5_17.5	5	3	1.45	1.25	72.0	6.5	0.1			12.5	17.5	0.0	9.0
15.0	12.5_17.5	6	3	2.06	1.26	66.0	5.65	0.3			12.5	17.5	0.0	8.17
15.0	12.5_17.5	7	3	1.57	0.78	67.0	3.6	0.43			12.5	17.5	0.0	5.16
15.0	12.5_17.5	8	3	1.7	1.33	72.0	9.4	0.1			12.5	17.5	0.0	12.06
15.0	12.5_17.5	9	3	1.52	1.13	72.0	5.7	0.1			12.5	17.5	0.0	7.96
15.0	12.5_17.5	10	3	1.74	1.77	70.0	13.8	0.1			12.5	17.5	0.0	17.34
15.0	12.5_17.5	11	3	1.61	1.22	70.0	5.2	0.2			12.5	17.5	0.0	7.64
15.0	12.5_17.5	12	3	0.99	0.81	69.0	3.75	0.2	2.72	0.2	12.5	17.5	0.0	5.37
20.0	17.5_22.5	1	3	0.71	0.95	64.0	5.9	0.1			17.5	22.5	0.0	7.8
20.0	17.5_22.5	2	3	1.32	3.06	69.0	18.1	0.1			17.5	22.5	0.0	24.22
20.0	17.5_22.5	3	3	3.19	3.34	65.0	16.6	0.1			17.5	22.5	0.0	23.28
20.0	17.5_22.5	4	3	2.3	2.95	66.0	18.0	0.1			17.5	22.5	0.0	23.9
20.0	17.5_22.5	5	3	0.93	1.35	70.0	10.7	0.1			17.5	22.5	0.0	13.4
20.0	17.5_22.5	6	3	1.63	1.21	66.0	4.83	0.2			17.5	22.5	0.0	7.25
20.0	17.5_22.5	7	3	1.24	1.04	67.0	5.3	0.3			17.5	22.5	0.0	7.38
20.0	17.5_22.5	8	3	1.32	1.27	73.0	6.4	0.1			17.5	22.5	0.0	8.94
20.0	17.5_22.5	9	3	1.02	0.79	72.0	3.8	0.1			17.5	22.5	0.0	5.38
20.0	17.5_22.5	10	3	1.16	0.82	70.0	3.48	0.1			17.5	22.5	0.0	5.12
20.0	17.5_22.5	11	3	1.26	0.97	71.0	5.2	0.1			17.5	22.5	0.0	7.14
20.0	17.5_22.5	12	3	0.8	0.71	69.0	3.44	0.2	2.58	0.2	17.5	22.5	0.0	4.86
30.0	27.5_35.0	1	3	0.56	0.67	65.0	4.1	0.1			27.5	35.0	0.0	5.44
30.0	27.5_35.0	2	3	0.54	0.56	67.0	3.4	0.1			27.5	35.0	0.0	4.52
30.0	27.5_35.0	3	3	1.59	1.18	64.0	6.2	0.1			27.5	35.0	0.0	8.56
30.0	27.5_35.0	4	3	1.61	1.71	64.0	8.8	0.1			27.5	35.0	0.0	12.22
30.0	27.5_35.0	5	3	0.64	0.58	70.0	3.7	0.1			27.5	35.0	0.0	4.86
30.0	27.5_35.0	6	3	1.05	1.11	65.0	5.5	0.1			27.5	35.0	0.0	7.72
30.0	27.5_35.0	7	3	0.69	0.53	64.0	2.9	0.1			27.5	35.0	0.0	3.96
30.0	27.5_35.0	8	3	0.66	0.72	68.0	4.0	0.1			27.5	35.0	0.0	5.44
30.0	27.5_35.0	9	3	0.6	0.56	70.0	2.5	0.1			27.5	35.0	0.0	3.62
30.0	27.5_35.0	10	3	0.7	0.65	68.0	3.2	0.1			27.5	35.0	0.0	4.5
30.0	27.5_35.0	11	3	0.84	0.77	68.0	4.8	0.1			27.5	35.0	0.0	6.34
30.0	27.5_35.0	12	3	0.49	0.34	66.0	1.83	0.1			27.5	35.0	0.0	2.51
0.0	0_2.5	1	4	2.48	2.72	80.0	12.4	0.3			0.0	2.5	0.0	17.84
0.0	0_2.5	2	4	2.81	3.25	79.0	15.75	0.15			0.0	2.5	0.0	22.25
0.0	0_2.5	3	4	6.67	5.62	82.0	28.55	0.25			0.0	2.5	0.0	39.79
0.0	0_2.5	4	4	2.56	2.18	71.0	10.2	0.5			0.0	2.5	0.0	14.56
0.0	0_2.5	5	4	1.71	0.89	87.0	5.8	0.6			0.0	2.5	0.0	7.58
0.0	0_2.5	6	4	1.34	0.77	76.0	4.0	0.3			0.0	2.5	0.0	5.54
0.0	0_2.5	7	4	1.34	1.08	73.0	4.9	0.1	3.86	0.36	0.0	2.5	0.0	7.06
0.0	0_2.5	8	4	1.31	0.85	81.0	4.3	0.2			0.0	2.5	0.0	6.0
0.0	0_2.5	9	4	1.95	1.75	81.0	13.15	0.2			0.0	2.5	0.0	16.65
0.0	0_2.5	10	4	3.32	2.19	81.0	12.35	0.9			0.0	2.5	0.0	16.73
0.0	0_2.5	11	4	4.89	9.62	81.0	86.2	0.5			0.0	2.5	0.0	105.44
0.0	0_2.5	12	4	3.4	2.24	81.0	13.6	0.26			0.0	2.5	0.0	18.08
5.0	2.5_7.5	1	4	2.33	2.68	83.0	12.0	0.3			2.5	7.5	0.0	17.36
5.0	2.5_7.5	2	4	2.68	3.23	83.0	14.8	0.2			2.5	7.5	0.0	21.26
5.0	2.5_7.5	3	4	6.23	5.14	86.0	20.3	0.3			2.5	7.5	0.0	30.58
5.0	2.5_7.5	4	4	2.32	1.78	74.0	9.6	0.5			2.5	7.5	0.0	13.16
5.0	2.5_7.5	5	4	2.03	1.67	89.0	13.0	0.4			2.5	7.5	0.0	16.34
5.0	2.5_7.5	6	4	1.39	0.86	81.0	5.6	0.4			2.5	7.5	0.0	7.32
5.0	2.5_7.5	7	4	1.31	0.94	76.0	4.2	0.2			2.5	7.5	0.0	6.08
5.0	2.5_7.5	8	4	1.44	0.96	87.0	4.86	0.32			2.5	7.5	0.0	6.78
5.0	2.5_7.5	9	4	1.86	1.26	86.0	7.0	0.2			2.5	7.5	0.0	9.52
5.0	2.5_7.5	10	4	3.03	1.76	86.0	10.1	0.8			2.5	7.5	0.0	13.62
5.0	2.5_7.5	11	4	3.76	3.76	84.0	33.3	0.4			2.5	7.5	0.0	40.82
5.0	2.5_7.5	12	4	3.2	2.08	83.0	10.7	0.16	6.98	0.91	2.5	7.5	0.0	14.86
10.0	7.5_12.5	1	4	1.75	1.93	79.0	10.2	0.1			7.5	12.5	0.0	14.06
10.0	7.5_12.5	2	4	2.46	3.37	79.0	18.0	0.1			7.5	12.5	0.0	24.74
10.0	7.5_12.5	3	4	5.41	4.89	82.0	19.0	0.2			7.5	12.5	0.0	28.78
10.0	7.5_12.5	4	4	2.48	3.1	71.0	17.6	0.2			7.5	12.5	0.0	23.8
10.0	7.5_12.5	5	4	2.22	1.88	87.0	14.0	0.0			7.5	12.5	0.0	17.76
10.0	7.5_12.5	6	4	1.76	0.95	76.0	5.4	0.6			7.5	12.5	0.0	7.3
10.0	7.5_12.5	7	4	1.32	0.68	73.0	3.3	0.2	2.66	0.4	7.5	12.5	0.0	4.66
10.0	7.5_12.5	8	4	1.68	1.69	81.0	12.29	0.2			7.5	12.5	0.0	15.67
10.0	7.5_12.5	9	4	1.58	0.95	81.0	6.05	0.3			7.5	12.5	0.0	7.95
10.0	7.5_12.5	10	4	2.39	1.27	81.0	6.9	0.3	4.7	0.9	7.5	12.5	0.0	9.44
10.0	7.5_12.5	11	4	2.57	1.27	81.0	6.7	0.3	4.4	0.6	7.5	12.5	0.0	9.24
10.0	7.5_12.5	12	4	2.48	1.68	81.0	7.7	0.08	5.6	0.4	7.5	12.5	0.0	11.06
15.0	12.5_17.5	1	4	1.17	1.24	80.0	6.4	0.1			12.5	17.5	0.0	8.88
15.0	12.5_17.5	2	4	1.85	3.09	79.0	16.6	0.1			12.5	17.5	0.0	22.78
15.0	12.5_17.5	3	4	4.44	4.37	82.0	21.35	0.1			12.5	17.5	0.0	30.09
15.0	12.5_17.5	4	4	2.13	2.65	70.0	15.5	0.1			12.5	17.5	0.0	20.8
15.0	12.5_17.5	5	4	1.72	1.5	86.0	8.43	0.2			12.5	17.5	0.0	11.43
15.0	12.5_17.5	6	4	2.18	1.25	76.0	6.2	0.5			12.5	17.5	0.0	8.7
15.0	12.5_17.5	7	4	1.55	0.84	73.0	3.74	0.4	3.1	0.5	12.5	17.5	0.0	5.42
15.0	12.5_17.5	8	4	1.73	1.31	81.0	7.71	0.2			12.5	17.5	0.0	10.33
15.0	12.5_17.5	9	4	1.33	0.77	81.0	4.4	0.1			12.5	17.5	0.0	5.94
15.0	12.5_17.5	10	4	1.57	1.03	80.0	5.3	0.1			12.5	17.5	0.0	7.36
15.0	12.5_17.5	11	4	2.07	1.38	81.0	8.3	0.2	4.3	0.5	12.5	17.5	0.0	11.06
15.0	12.5_17.5	12	4	1.88	1.51	81.0	8.2	0.08			12.5	17.5	0.0	11.22
20.0	17.5_22.5	1	4	0.75	0.88	79.0	6.2	0.1			17.5	22.5	0.0	7.96
20.0	17.5_22.5	2	4	1.13	2.27	79.0	13.7	0.1			17.5	22.5	0.0	18.24
20.0	17.5_22.5	3	4	2.38	2.36	80.0	11.0	0.1			17.5	22.5	0.0	15.72
20.0	17.5_22.5	4	4	1.9	2.88	71.0	18.4	0.2			17.5	22.5	0.0	24.16
20.0	17.5_22.5	5	4	0.99	0.89	86.0	6.4	0.2			17.5	22.5	0.0	8.18
20.0	17.5_22.5	6	4	1.68	1.18	75.0	5.2	0.1			17.5	22.5	0.0	7.56
20.0	17.5_22.5	7	4	1.38	0.97	72.0	4.95	0.1			17.5	22.5	0.0	6.89
20.0	17.5_22.5	8	4	1.25	1.17	81.0	7.0	0.1			17.5	22.5	0.0	9.34
20.0	17.5_22.5	9	4	0.89	0.6	81.0	3.5	0.09			17.5	22.5	0.0	4.7
20.0	17.5_22.5	10	4	1.07	1.02	80.0	5.2	0.1			17.5	22.5	0.0	7.24
20.0	17.5_22.5	11	4	1.41	1.25	81.0	6.1	0.2			17.5	22.5	0.0	8.6
20.0	17.5_22.5	12	4	1.29	1.33	80.0	7.3	0.08			17.5	22.5	0.0	9.96
25.0	22.5_27.5	1	4	0.59	0.52	21.0	2.6	0.1			22.5	27.5	0.0	3.64
25.0	22.5_27.5	2	4	0.74	0.92	19.0	4.3	0.1			22.5	27.5	0.0	6.14
25.0	22.5_27.5	3	4	2.59	2.48	21.0	10.0	0.4			22.5	27.5	0.0	14.96
25.0	22.5_27.5	4	4	1.98	1.48	20.0	5.5	0.2			22.5	27.5	0.0	8.46
25.0	22.5_27.5	5	4	0.79	0.5	25.0	2.41	0.2			22.5	27.5	0.0	3.41
25.0	22.5_27.5	6	4	1.38	1.34	22.0	5.3	0.4			22.5	27.5	0.0	7.98
25.0	22.5_27.5	7	4	1.06	0.76	24.0	3.7	0.3			22.5	27.5	0.0	5.22
25.0	22.5_27.5	8	4	1.47	3.63	23.0	17.9	0.2			22.5	27.5	0.0	25.16
25.0	22.5_27.5	9	4	0.49	0.32	28.0	1.6	0.1			22.5	27.5	0.0	2.24
25.0	22.5_27.5	10	4	0.85	0.78	23.0	2.63	0.1			22.5	27.5	0.0	4.19
25.0	22.5_27.5	11	4	1.25	0.99	24.0	3.58	0.15			22.5	27.5	0.0	5.56
25.0	22.5_27.5	12	4	0.96	0.69	19.0	2.86	0.17			22.5	27.5	0.0	4.24
0.0	0_2.5	1	5	1.66	1.82	100.0	14.1	0.1			0.0	2.5	0.0	17.74
0.0	0_2.5	2	5	2.26	3.86	103.0	28.1	0.4			0.0	2.5	0.0	35.82
0.0	0_2.5	3	5	4.33	3.66	103.0	21.2	0.6			0.0	2.5	0.0	28.52
0.0	0_2.5	4	5	2.67	2.79	100.0	16.4	0.2			0.0	2.5	0.0	21.98
0.0	0_2.5	5	5	1.39	0.8	115.0	3.9	0.1			0.0	2.5	0.0	5.5
0.0	0_2.5	6	5	1.51	1.06	109.0	6.8	0.1			0.0	2.5	0.0	8.92
0.0	0_2.5	7	5	1.99	2.29	113.0	18.0	0.2			0.0	2.5	0.0	22.58
0.0	0_2.5	8	5	2.21	2.33	125.0	15.9	0.1			0.0	2.5	0.0	20.56
0.0	0_2.5	9	5	2.71	2.58	113.0	16.0	0.4			0.0	2.5	0.0	21.16
0.0	0_2.5	10	5	3.0	1.71	113.0	13.2	0.5			0.0	2.5	0.0	16.62
0.0	0_2.5	11	5	3.78	2.33	108.0	13.51	0.6			0.0	2.5	0.0	18.17
0.0	0_2.5	12	5	2.78	2.04	107.0	10.2	0.3			0.0	2.5	0.0	14.28
5.0	2.5_7.5	1	5	1.61	2.05	82.0	14.0	0.1			2.5	7.5	0.0	18.1
5.0	2.5_7.5	2	5	1.99	3.13	82.0	16.0	0.1			2.5	7.5	0.0	22.26
5.0	2.5_7.5	3	5	4.64	4.0	83.0	21.3	0.6			2.5	7.5	0.0	29.3
5.0	2.5_7.5	4	5	2.61	3.46	79.0	29.9	0.4			2.5	7.5	0.0	36.82
5.0	2.5_7.5	5	5	1.56	0.78	93.0	4.3	0.5			2.5	7.5	0.0	5.86
5.0	2.5_7.5	6	5	1.49	0.7	89.0	3.5	0.2			2.5	7.5	0.0	4.9
5.0	2.5_7.5	7	5	1.87	1.97	92.0	15.0	0.2			2.5	7.5	0.0	18.94
5.0	2.5_7.5	8	5	1.86	1.49	101.0	9.7	0.1			2.5	7.5	0.0	12.68
5.0	2.5_7.5	9	5	2.29	1.6	93.0	7.4	0.5			2.5	7.5	0.0	10.6
5.0	2.5_7.5	10	5	2.76	1.45	92.0	7.8	0.8			2.5	7.5	0.0	10.7
5.0	2.5_7.5	11	5	3.21	1.57	87.0	8.0	0.9			2.5	7.5	0.0	11.14
5.0	2.5_7.5	12	5	2.92	2.09	88.0	8.6	0.3			2.5	7.5	0.0	12.78
10.0	7.5_12.5	1	5	1.31	2.17	94.0	18.0	0.1			7.5	12.5	0.0	22.34
10.0	7.5_12.5	2	5	1.82	2.78	98.0	14.8	0.2			7.5	12.5	0.0	20.36
10.0	7.5_12.5	3	5	4.83	4.79	100.0	23.5	0.3			7.5	12.5	0.0	33.08
10.0	7.5_12.5	4	5	2.26	2.79	98.0	21.2	0.1			7.5	12.5	0.0	26.78
10.0	7.5_12.5	5	5	1.8	1.34	112.0	7.97	0.2			7.5	12.5	0.0	10.65
10.0	7.5_12.5	6	5	1.76	1.07	103.0	5.7	0.2			7.5	12.5	0.0	7.84
10.0	7.5_12.5	7	5	1.63	1.22	108.0	10.7	0.2			7.5	12.5	0.0	13.14
10.0	7.5_12.5	8	5	1.56	1.01	117.0	7.1	0.2			7.5	12.5	0.0	9.12
10.0	7.5_12.5	9	5	1.91	1.47	109.0	11.1	0.3			7.5	12.5	0.0	14.04
10.0	7.5_12.5	10	5	2.2	1.19	109.0	6.6	0.58			7.5	12.5	0.0	8.98
10.0	7.5_12.5	11	5	2.24	1.76	107.0	11.6	0.25			7.5	12.5	0.0	15.12
10.0	7.5_12.5	12	5	1.98	1.84	104.0	7.6	0.3			7.5	12.5	0.0	11.28
15.0	12.5_17.5	1	5	0.85	1.04	63.0	6.6	0.1			12.5	17.5	0.0	8.68
15.0	12.5_17.5	2	5	0.81	1.03	67.0	8.14	0.2			12.5	17.5	0.0	10.2
15.0	12.5_17.5	3	5	3.54	3.82	68.0	24.0	0.1			12.5	17.5	0.0	31.64
15.0	12.5_17.5	4	5	1.7	1.71	68.0	9.1	0.1			12.5	17.5	0.0	12.52
15.0	12.5_17.5	5	5	1.93	2.3	79.0	13.8	0.3			12.5	17.5	0.0	18.4
15.0	12.5_17.5	6	5	2.19	2.03	70.0	12.5	0.1			12.5	17.5	0.0	16.56
15.0	12.5_17.5	7	5	1.82	0.99	73.0	5.0	0.3			12.5	17.5	0.0	6.98
15.0	12.5_17.5	8	5	1.46	0.78	80.0	4.9	0.3			12.5	17.5	0.0	6.46
15.0	12.5_17.5	9	5	1.61	1.25	73.0	9.75	0.2			12.5	17.5	0.0	12.25
15.0	12.5_17.5	10	5	1.48	0.95	75.0	5.2	0.26			12.5	17.5	0.0	7.1
15.0	12.5_17.5	11	5	1.73	1.32	74.0	6.9	0.1			12.5	17.5	0.0	9.54
15.0	12.5_17.5	12	5	1.36	1.16	74.0	5.5	0.1			12.5	17.5	0.0	7.82
20.0	17.5_22.5	1	5	1.06	0.97	38.0	4.2	0.1			17.5	22.5	0.0	6.14
20.0	17.5_22.5	2	5	0.95	1.47	43.0	8.9	0.1			17.5	22.5	0.0	11.84
20.0	17.5_22.5	3	5	2.91	3.95	44.0	16.4	0.1			17.5	22.5	0.0	24.3
20.0	17.5_22.5	4	5	1.7	2.08	41.0	11.8	0.3			17.5	22.5	0.0	15.96
20.0	17.5_22.5	5	5	1.27	0.97	49.0	5.7	0.2			17.5	22.5	0.0	7.64
20.0	17.5_22.5	6	5	1.73	1.64	46.0	7.6	0.1			17.5	22.5	0.0	10.88
20.0	17.5_22.5	7	5	2.36	1.94	45.0	7.9	0.4			17.5	22.5	0.0	11.78
20.0	17.5_22.5	8	5	1.72	1.76	47.0	8.6	0.1			17.5	22.5	0.0	12.12
20.0	17.5_22.5	9	5	1.62	1.35	43.0	6.1	0.1			17.5	22.5	0.0	8.8
20.0	17.5_22.5	10	5	1.59	1.64	46.0	9.5	0.1			17.5	22.5	0.0	12.78
20.0	17.5_22.5	11	5	1.25	0.95	45.0	3.9	0.1			17.5	22.5	0.0	5.8
20.0	17.5_22.5	12	5	1.16	1.17	49.0	5.8	0.1			17.5	22.5	0.0	8.14
0.0	0_2.5	1	6	0.97	0.54	57.0	2.9	0.35			0.0	2.5	0.0	3.98
0.0	0_2.5	2	6	1.07	0.94	66.0	6.5	0.2			0.0	2.5	0.0	8.38
0.0	0_2.5	3	6	1.97	1.62	71.0	9.7	0.2			0.0	2.5	0.0	12.94
0.0	0_2.5	4	6	1.21	0.7	66.0	3.6	0.2			0.0	2.5	0.0	5.0
0.0	0_2.5	5	6	0.99	0.65	70.0	2.7	0.1			0.0	2.5	0.0	4.0
0.0	0_2.5	6	6	1.33	1.14	67.0	7.6	0.3			0.0	2.5	0.0	9.88
0.0	0_2.5	7	6	1.35	0.59	65.0	3.3	0.1			0.0	2.5	0.0	4.48
0.0	0_2.5	8	6	2.37	1.21	69.0	6.95	0.9			0.0	2.5	0.0	9.37
0.0	0_2.5	9	6	2.16	1.12	64.0	5.5	0.6			0.0	2.5	0.0	7.74
0.0	0_2.5	10	6	2.46	1.24	69.0	6.3	0.7			0.0	2.5	0.0	8.78
0.0	0_2.5	11	6	1.9	1.34	67.0	8.8	0.6			0.0	2.5	0.0	11.48
0.0	0_2.5	12	6	1.23	0.5	66.0	2.9	0.3			0.0	2.5	0.0	3.9
5.0	2.5_7.5	1	6	0.64	0.32	46.0	1.8	0.13			2.5	7.5	0.0	2.44
5.0	2.5_7.5	2	6	0.97	1.19	56.0	8.0	0.17			2.5	7.5	0.0	10.38
5.0	2.5_7.5	3	6	1.7	1.18	58.0	5.8	0.1			2.5	7.5	0.0	8.16
5.0	2.5_7.5	4	6	1.31	0.81	58.0	4.05	0.1			2.5	7.5	0.0	5.67
5.0	2.5_7.5	5	6	1.15	0.57	57.0	2.9	0.3			2.5	7.5	0.0	4.04
5.0	2.5_7.5	6	6	1.48	0.94	55.0	5.6	0.3			2.5	7.5	0.0	7.48
5.0	2.5_7.5	7	6	1.7	1.3	50.0	6.3	0.2			2.5	7.5	0.0	8.9
5.0	2.5_7.5	8	6	2.08	1.22	57.0	5.5	0.4			2.5	7.5	0.0	7.94
5.0	2.5_7.5	9	6	2.17	1.07	56.0	6.1	0.5			2.5	7.5	0.0	8.24
5.0	2.5_7.5	10	6	2.35	1.58	59.0	9.8	0.1			2.5	7.5	0.0	12.96
5.0	2.5_7.5	11	6	1.17	0.51	56.0	3.1	0.2			2.5	7.5	0.0	4.12
5.0	2.5_7.5	12	6	0.88	0.62	50.0	3.9	0.1			2.5	7.5	0.0	5.14
0.0	0_2.5	1	7	1.07	0.84	72.0	5.9	0.2			0.0	2.5	0.0	7.58
0.0	0_2.5	2	7	1.04	0.9	57.0	6.2	0.24			0.0	2.5	0.0	8.0
0.0	0_2.5	3	7	2.19	2.29	61.0	11.0	0.3			0.0	2.5	0.0	15.58
0.0	0_2.5	4	7	1.56	1.49	45.0	6.8	0.1			0.0	2.5	0.0	9.78
0.0	0_2.5	5	7	1.5	1.77	73.0	7.6	0.1			0.0	2.5	0.0	11.14
0.0	0_2.5	6	7	0.85	0.55	46.0	2.5	0.1			0.0	2.5	0.0	3.6
0.0	0_2.5	7	7	2.61	3.98	80.0	31.0	0.2			0.0	2.5	0.0	38.96
0.0	0_2.5	8	7	2.44	2.69	66.0	18.1	0.27			0.0	2.5	0.0	23.48
0.0	0_2.5	9	7	3.1	4.89	83.0	37.1	0.4			0.0	2.5	0.0	46.88
0.0	0_2.5	10	7	1.95	0.81	48.0	4.2	0.5			0.0	2.5	0.0	5.82
0.0	0_2.5	11	7	1.79	0.83	64.0	4.3	0.2			0.0	2.5	0.0	5.96
0.0	0_2.5	12	7	1.13	0.65	65.0	3.7	0.1			0.0	2.5	0.0	5.0
5.0	2.5_7.5	1	7	0.81	0.36	27.0	2.1	0.2			2.5	7.5	0.0	2.82
5.0	2.5_7.5	2	7	0.87	0.55	24.0	2.45	0.2			2.5	7.5	0.0	3.55
5.0	2.5_7.5	3	7	1.47	0.87	31.0	4.25	0.4			2.5	7.5	0.0	5.99
5.0	2.5_7.5	4	7	0.81	0.55	25.0	2.52	0.1			2.5	7.5	0.0	3.62
5.0	2.5_7.5	5	7	1.01	0.67	35.0	3.1	0.2			2.5	7.5	0.0	4.44
5.0	2.5_7.5	6	7	0.88	0.63	26.0	3.2	0.1			2.5	7.5	0.0	4.46
5.0	2.5_7.5	7	7	1.61	1.61	28.0	8.8	0.1			2.5	7.5	0.0	12.02
5.0	2.5_7.5	8	7	1.55	1.31	26.0	7.4	0.5			2.5	7.5	0.0	10.02
5.0	2.5_7.5	9	7	1.72	1.09	28.0	5.0	0.4			2.5	7.5	0.0	7.18
5.0	2.5_7.5	10	7	2.09	0.96	31.0	4.35	0.7			2.5	7.5	0.0	6.27
5.0	2.5_7.5	11	7	1.39	0.75	34.0	4.4	0.3			2.5	7.5	0.0	5.9
5.0	2.5_7.5	12	7	0.82	0.53	26.0	2.7	0.1			2.5	7.5	0.0	3.76
0.0	0_2.5	1	8	1.23	1.25	245.0	9.7	0.1			0.0	2.5	0.0	12.2
0.0	0_2.5	2	8	1.77	2.22	234.0	18.0	0.1			0.0	2.5	0.0	22.44
0.0	0_2.5	3	8	3.27	3.01	122.0	12.6	0.3			0.0	2.5	0.0	18.62
0.0	0_2.5	4	8	2.8	2.86	203.0	21.0	0.2			0.0	2.5	0.0	26.72
0.0	0_2.5	5	8	1.97	1.65	169.0	14.0	0.1			0.0	2.5	0.0	17.3
0.0	0_2.5	6	8	2.47	2.36	321.0	21.0	0.3			0.0	2.5	0.0	25.72
0.0	0_2.5	7	8	3.26	4.18	325.0	52.4	0.2			0.0	2.5	0.0	60.76
0.0	0_2.5	8	8	4.14	3.8	387.0	45.0	0.4			0.0	2.5	0.0	52.6
0.0	0_2.5	9	8	2.93	1.92	236.0	15.2	0.1			0.0	2.5	0.0	19.04
0.0	0_2.5	10	8	2.67	1.91	165.0	13.4	0.4			0.0	2.5	0.0	17.22
0.0	0_2.5	11	8	1.8	1.21	125.0	7.8	0.3			0.0	2.5	0.0	10.22
0.0	0_2.5	12	8	1.52	1.99	343.0	18.0	0.1			0.0	2.5	0.0	21.98
5.0	2.5_7.5	1	8	1.35	2.5	22.0	12.5	0.3			2.5	7.5	0.0	17.5
5.0	2.5_7.5	3	8	3.08	2.89	22.0	13.5	0.7			2.5	7.5	0.0	19.28
5.0	2.5_7.5	5	8	1.58	0.66	22.0	3.4	0.8			2.5	7.5	0.0	4.72
5.0	2.5_7.5	7	8	1.98	1.36	18.0	6.2	0.5			2.5	7.5	0.0	8.92
5.0	2.5_7.5	9	8	3.19	1.01	38.0	5.5	1.0			2.5	7.5	0.0	7.52
5.0	2.5_7.5	11	8	1.48	0.81	18.0	3.5	0.4			2.5	7.5	0.0	5.12
0.0	0_2.5	1	9	1.03	0.75	84.0	5.9	0.1			0.0	2.5	0.0	7.4
0.0	0_2.5	2	9	1.31	2.4	72.0	20.0	0.3			0.0	2.5	0.0	24.8
0.0	0_2.5	3	9	2.91	2.57	68.0	10.3	0.3			0.0	2.5	0.0	15.44
0.0	0_2.5	4	9	2.79	2.43	87.0	13.0	0.2			0.0	2.5	0.0	17.86
0.0	0_2.5	5	9	2.13	3.6	70.0	18.9	0.1			0.0	2.5	0.0	26.1
0.0	0_2.5	6	9	1.5	1.22	107.0	6.9	0.2			0.0	2.5	0.0	9.34
0.0	0_2.5	7	9	3.11	3.92	98.0	23.2	0.1			0.0	2.5	0.0	31.04
0.0	0_2.5	8	9	2.76	1.54	114.0	10.1	0.5			0.0	2.5	0.0	13.18
0.0	0_2.5	9	9	2.8	2.28	78.0	15.2	0.4			0.0	2.5	0.0	19.76
0.0	0_2.5	10	9	2.92	1.97	76.0	12.0	0.6			0.0	2.5	0.0	15.94
0.0	0_2.5	11	9	2.65	2.22	67.0	13.8	0.4			0.0	2.5	0.0	18.24
0.0	0_2.5	12	9	1.22	1.08	103.0	9.9	0.1			0.0	2.5	0.0	12.06
5.0	2.5_7.5	3	9	3.37	3.26	22.0	14.6	0.6			2.5	7.5	0.0	21.12
5.0	2.5_7.5	4	9	3.11	2.28	17.0	7.6	0.6			2.5	7.5	0.0	12.16
5.0	2.5_7.5	5	9	1.32	0.54	18.0	2.9	0.8			2.5	7.5	0.0	3.98
5.0	2.5_7.5	6	9	1.67	1.18	18.0	5.0	0.2			2.5	7.5	0.0	7.36
5.0	2.5_7.5	7	9	2.34	1.36	19.0	5.3	0.1			2.5	7.5	0.0	8.02
5.0	2.5_7.5	9	9	2.74	1.03	18.0	5.4	0.7			2.5	7.5	0.0	7.46
5.0	2.5_7.5	10	9	2.48	1.2	17.0	5.1	0.7			2.5	7.5	0.0	7.5
5.0	2.5_7.5	11	9	2.16	0.98	20.0	4.2	0.4			2.5	7.5	0.0	6.16
0.0	0_2.5	1	Arkona Basin	1.11	0.58	71.0	2.7	0.1			0.0	2.5	0.0	3.86
0.0	0_2.5	2	Arkona Basin	1.23	0.69	68.0	3.1	0.1			0.0	2.5	0.0	4.48
0.0	0_2.5	3	Arkona Basin	2.87	2.47	83.0	12.0	0.3			0.0	2.5	0.0	16.94
0.0	0_2.5	4	Arkona Basin	3.42	2.91	82.0	14.9	0.4			0.0	2.5	0.0	20.72
0.0	0_2.5	5	Arkona Basin	1.54	1.23	73.0	7.6	0.1			0.0	2.5	0.0	10.06
0.0	0_2.5	6	Arkona Basin	1.98	1.04	46.0	5.8	0.3			0.0	2.5	0.0	7.88
0.0	0_2.5	7	Arkona Basin	1.96	1.12	81.0	5.5	0.1			0.0	2.5	0.0	7.74
0.0	0_2.5	8	Arkona Basin	2.44	1.58	83.0	10.05	0.55			0.0	2.5	0.0	13.21
0.0	0_2.5	9	Arkona Basin	2.31	0.94	81.0	5.54	0.5			0.0	2.5	0.0	7.42
0.0	0_2.5	10	Arkona Basin	2.49	1.01	80.0	5.5	0.1			0.0	2.5	0.0	7.52
0.0	0_2.5	11	Arkona Basin	3.04	0.98	52.0	5.4	1.44			0.0	2.5	0.0	7.36
0.0	0_2.5	12	Arkona Basin	1.69	0.6	58.0	3.3	0.68			0.0	2.5	0.0	4.5
5.0	2.5_7.5	1	Arkona Basin	1.13	0.64	71.0	3.2	0.3			2.5	7.5	0.0	4.48
5.0	2.5_7.5	2	Arkona Basin	1.25	0.71	68.0	3.2	0.1			2.5	7.5	0.0	4.62
5.0	2.5_7.5	3	Arkona Basin	2.96	2.5	81.0	12.3	0.2			2.5	7.5	0.0	17.3
5.0	2.5_7.5	4	Arkona Basin	3.43	2.7	82.0	12.8	0.3			2.5	7.5	0.0	18.2
5.0	2.5_7.5	5	Arkona Basin	1.6	1.38	75.0	10.3	0.2			2.5	7.5	0.0	13.06
5.0	2.5_7.5	6	Arkona Basin	1.91	1.0	46.0	5.9	0.5			2.5	7.5	0.0	7.9
5.0	2.5_7.5	7	Arkona Basin	2.02	1.19	83.0	5.8	0.2			2.5	7.5	0.0	8.18
5.0	2.5_7.5	8	Arkona Basin	2.41	1.5	83.0	10.22	0.4			2.5	7.5	0.0	13.22
5.0	2.5_7.5	9	Arkona Basin	2.33	0.96	81.0	6.8	0.8			2.5	7.5	0.0	8.72
5.0	2.5_7.5	10	Arkona Basin	2.45	0.94	81.0	5.0	0.15			2.5	7.5	0.0	6.88
5.0	2.5_7.5	11	Arkona Basin	3.01	0.95	54.0	5.5	1.36			2.5	7.5	0.0	7.4
5.0	2.5_7.5	12	Arkona Basin	1.66	0.62	56.0	3.1	0.48			2.5	7.5	0.0	4.34
10.0	7.5_12.5	1	Arkona Basin	1.0	0.54	65.0	2.4	0.2			7.5	12.5	0.0	3.48
10.0	7.5_12.5	2	Arkona Basin	1.12	0.69	64.0	3.2	0.1			7.5	12.5	0.0	4.58
10.0	7.5_12.5	3	Arkona Basin	2.75	2.34	78.0	11.0	0.2			7.5	12.5	0.0	15.68
10.0	7.5_12.5	4	Arkona Basin	3.01	2.12	77.0	10.31	0.4			7.5	12.5	0.0	14.55
10.0	7.5_12.5	5	Arkona Basin	1.64	1.19	70.0	7.2	0.1			7.5	12.5	0.0	9.58
10.0	7.5_12.5	6	Arkona Basin	2.05	0.99	45.0	5.9	0.6			7.5	12.5	0.0	7.88
10.0	7.5_12.5	7	Arkona Basin	1.92	1.01	78.0	5.1	0.2			7.5	12.5	0.0	7.12
10.0	7.5_12.5	8	Arkona Basin	2.17	0.93	78.0	5.2	0.6			7.5	12.5	0.0	7.06
10.0	7.5_12.5	9	Arkona Basin	2.21	0.9	76.0	5.4	0.2			7.5	12.5	0.0	7.2
10.0	7.5_12.5	10	Arkona Basin	2.31	0.89	79.0	4.9	0.1			7.5	12.5	0.0	6.68
10.0	7.5_12.5	11	Arkona Basin	2.92	1.14	54.0	6.7	0.8			7.5	12.5	0.0	8.98
10.0	7.5_12.5	12	Arkona Basin	1.62	0.59	55.0	2.9	0.23			7.5	12.5	0.0	4.08
15.0	12.5_17.5	1	Arkona Basin	0.97	0.59	64.0	3.4	0.2			12.5	17.5	0.0	4.58
15.0	12.5_17.5	2	Arkona Basin	1.01	0.69	62.0	3.5	0.1			12.5	17.5	0.0	4.88
15.0	12.5_17.5	3	Arkona Basin	2.41	2.08	73.0	10.7	0.2			12.5	17.5	0.0	14.86
15.0	12.5_17.5	4	Arkona Basin	2.55	2.21	75.0	10.84	0.3			12.5	17.5	0.0	15.26
15.0	12.5_17.5	5	Arkona Basin	1.69	1.24	66.0	5.9	0.3			12.5	17.5	0.0	8.38
15.0	12.5_17.5	6	Arkona Basin	2.15	0.89	42.0	5.1	0.85			12.5	17.5	0.0	6.88
15.0	12.5_17.5	7	Arkona Basin	1.88	1.0	73.0	5.6	0.3			12.5	17.5	0.0	7.6
15.0	12.5_17.5	8	Arkona Basin	1.93	0.91	74.0	4.3	0.4			12.5	17.5	0.0	6.12
15.0	12.5_17.5	9	Arkona Basin	2.01	0.95	71.0	4.8	0.2			12.5	17.5	0.0	6.7
15.0	12.5_17.5	10	Arkona Basin	2.1	0.9	72.0	4.9	0.1			12.5	17.5	0.0	6.7
15.0	12.5_17.5	11	Arkona Basin	3.04	1.14	50.0	6.9	1.1			12.5	17.5	0.0	9.18
15.0	12.5_17.5	12	Arkona Basin	1.52	0.58	50.0	2.8	0.4			12.5	17.5	0.0	3.96
20.0	17.5_25.0	1	Arkona Basin	0.92	0.47	48.0	2.4	0.1			17.5	25.0	0.0	3.34
20.0	17.5_25.0	2	Arkona Basin	0.96	0.44	43.0	1.8	0.1			17.5	25.0	0.0	2.68
20.0	17.5_25.0	3	Arkona Basin	2.55	1.99	53.0	11.2	0.3			17.5	25.0	0.0	15.18
20.0	17.5_25.0	4	Arkona Basin	2.8	2.4	53.0	10.43	0.5			17.5	25.0	0.0	15.23
20.0	17.5_25.0	5	Arkona Basin	1.76	2.29	48.0	15.8	0.2			17.5	25.0	0.0	20.38
20.0	17.5_25.0	6	Arkona Basin	1.91	1.01	44.0	5.7	0.6			17.5	25.0	0.0	7.72
20.0	17.5_25.0	7	Arkona Basin	1.78	1.26	53.0	8.06	0.3			17.5	25.0	0.0	10.58
20.0	17.5_25.0	8	Arkona Basin	1.61	0.86	53.0	5.0	0.3			17.5	25.0	0.0	6.72
20.0	17.5_25.0	9	Arkona Basin	1.97	0.87	53.0	4.7	0.57			17.5	25.0	0.0	6.44
20.0	17.5_25.0	10	Arkona Basin	2.06	1.01	54.0	4.4	0.2			17.5	25.0	0.0	6.42
20.0	17.5_25.0	11	Arkona Basin	2.65	1.2	54.0	5.2	0.36			17.5	25.0	0.0	7.6
20.0	17.5_25.0	12	Arkona Basin	1.36	0.54	48.0	2.4	0.4			17.5	25.0	0.0	3.48
30.0	25.0_35.0	1	Arkona Basin	0.72	0.39	30.0	2.0	0.1			25.0	35.0	0.0	2.78
30.0	25.0_35.0	2	Arkona Basin	0.62	0.24	25.0	1.2	0.2			25.0	35.0	0.0	1.68
30.0	25.0_35.0	3	Arkona Basin	2.22	2.31	33.0	10.3	0.1			25.0	35.0	0.0	14.92
30.0	25.0_35.0	4	Arkona Basin	1.87	1.03	33.0	4.3	0.4			25.0	35.0	0.0	6.36
30.0	25.0_35.0	5	Arkona Basin	0.75	0.42	29.0	2.0	0.2			25.0	35.0	0.0	2.84
30.0	25.0_35.0	6	Arkona Basin	0.99	0.57	30.0	2.55	0.1			25.0	35.0	0.0	3.69
30.0	25.0_35.0	7	Arkona Basin	0.7	0.4	31.0	2.1	0.3			25.0	35.0	0.0	2.9
30.0	25.0_35.0	8	Arkona Basin	0.5	0.28	28.0	1.45	0.1			25.0	35.0	0.0	2.01
30.0	25.0_35.0	9	Arkona Basin	0.45	0.38	34.0	1.4	0.1			25.0	35.0	0.0	2.16
30.0	25.0_35.0	10	Arkona Basin	1.31	1.09	34.0	3.5	0.1			25.0	35.0	0.0	5.68
30.0	25.0_35.0	11	Arkona Basin	1.63	1.13	34.0	4.6	0.1			25.0	35.0	0.0	6.86
30.0	25.0_35.0	12	Arkona Basin	1.03	0.55	33.0	2.6	0.2			25.0	35.0	0.0	3.7
40.0	35.0_45.0	1	Arkona Basin	0.33	0.18	30.0	0.8	0.1			35.0	45.0	0.0	1.16
40.0	35.0_45.0	2	Arkona Basin	0.3	0.14	24.0	0.6	0.1			35.0	45.0	0.0	0.88
40.0	35.0_45.0	3	Arkona Basin	1.4	2.26	32.0	13.0	0.1			35.0	45.0	0.0	17.52
40.0	35.0_45.0	4	Arkona Basin	1.52	1.17	33.0	5.3	0.3			35.0	45.0	0.0	7.64
40.0	35.0_45.0	5	Arkona Basin	0.66	0.46	28.0	2.1	0.2			35.0	45.0	0.0	3.02
40.0	35.0_45.0	6	Arkona Basin	0.52	0.33	29.0	1.3	0.1			35.0	45.0	0.0	1.96
40.0	35.0_45.0	7	Arkona Basin	0.32	0.14	29.0	0.6	0.1			35.0	45.0	0.0	0.88
40.0	35.0_45.0	8	Arkona Basin	0.22	0.11	28.0	0.6	0.1			35.0	45.0	0.0	0.82
40.0	35.0_45.0	9	Arkona Basin	0.2	0.14	32.0	0.8	0.1			35.0	45.0	0.0	1.08
40.0	35.0_45.0	10	Arkona Basin	0.41	0.6	33.0	2.6	0.1			35.0	45.0	0.0	3.8
40.0	35.0_45.0	11	Arkona Basin	0.6	0.79	33.0	4.1	0.1			35.0	45.0	0.0	5.68
40.0	35.0_45.0	12	Arkona Basin	0.35	0.22	34.0	0.9	0.1			35.0	45.0	0.0	1.34
0.0	0_2.5	1	Bornholm Basin	0.83	0.43	89.0	2.39	0.2			0.0	2.5	0.0	3.25
0.0	0_2.5	2	Bornholm Basin	0.82	0.48	64.0	2.4	0.1			0.0	2.5	0.0	3.36
0.0	0_2.5	3	Bornholm Basin	2.05	1.74	88.0	9.9	0.2			0.0	2.5	0.0	13.38
0.0	0_2.5	4	Bornholm Basin	4.37	3.1	65.0	13.88	0.5			0.0	2.5	0.0	20.08
0.0	0_2.5	5	Bornholm Basin	1.95	1.39	95.0	7.3	0.1			0.0	2.5	0.0	10.08
0.0	0_2.5	6	Bornholm Basin	1.81	0.86	72.0	4.1	0.4			0.0	2.5	0.0	5.82
0.0	0_2.5	7	Bornholm Basin	2.11	1.26	96.0	9.6	0.2			0.0	2.5	0.0	12.12
0.0	0_2.5	8	Bornholm Basin	2.73	2.87	93.0	21.4	0.22			0.0	2.5	0.0	27.14
0.0	0_2.5	9	Bornholm Basin	2.4	0.97	92.0	7.4	0.8			0.0	2.5	0.0	9.34
0.0	0_2.5	10	Bornholm Basin	2.74	1.1	83.0	7.3	0.2			0.0	2.5	0.0	9.5
0.0	0_2.5	11	Bornholm Basin	2.46	1.17	104.0	6.4	0.2			0.0	2.5	0.0	8.74
0.0	0_2.5	12	Bornholm Basin	1.44	0.78	87.0	3.9	0.2			0.0	2.5	0.0	5.46
5.0	2.5_7.5	1	Bornholm Basin	0.85	0.42	74.0	2.6	0.1			2.5	7.5	0.0	3.44
5.0	2.5_7.5	2	Bornholm Basin	0.87	0.51	55.0	2.9	0.1			2.5	7.5	0.0	3.92
5.0	2.5_7.5	3	Bornholm Basin	2.1	1.77	80.0	9.3	0.3			2.5	7.5	0.0	12.84
5.0	2.5_7.5	4	Bornholm Basin	4.63	4.33	65.0	29.5	0.5			2.5	7.5	0.0	38.16
5.0	2.5_7.5	5	Bornholm Basin	2.24	1.5	87.0	8.0	0.76			2.5	7.5	0.0	11.0
5.0	2.5_7.5	6	Bornholm Basin	1.85	0.85	72.0	4.2	0.6			2.5	7.5	0.0	5.9
5.0	2.5_7.5	7	Bornholm Basin	2.14	0.88	78.0	5.0	0.1			2.5	7.5	0.0	6.76
5.0	2.5_7.5	8	Bornholm Basin	2.77	2.99	83.0	24.15	0.29			2.5	7.5	0.0	30.13
5.0	2.5_7.5	9	Bornholm Basin	2.42	1.16	83.0	8.1	0.65			2.5	7.5	0.0	10.42
5.0	2.5_7.5	10	Bornholm Basin	2.61	0.99	83.0	5.9	0.3			2.5	7.5	0.0	7.88
5.0	2.5_7.5	11	Bornholm Basin	2.52	1.17	97.0	6.0	0.3			2.5	7.5	0.0	8.34
5.0	2.5_7.5	12	Bornholm Basin	1.51	0.74	76.0	4.1	0.2			2.5	7.5	0.0	5.58
10.0	7.5_12.5	1	Bornholm Basin	0.84	0.4	70.0	2.4	0.1			7.5	12.5	0.0	3.2
10.0	7.5_12.5	2	Bornholm Basin	0.8	0.43	51.0	2.1	0.1			7.5	12.5	0.0	2.96
10.0	7.5_12.5	3	Bornholm Basin	1.93	1.41	78.0	8.2	0.4			7.5	12.5	0.0	11.02
10.0	7.5_12.5	4	Bornholm Basin	4.21	4.2	61.0	28.0	0.6			7.5	12.5	0.0	36.4
10.0	7.5_12.5	5	Bornholm Basin	2.22	1.37	83.0	9.5	0.72			7.5	12.5	0.0	12.24
10.0	7.5_12.5	6	Bornholm Basin	1.98	0.77	68.0	4.2	0.7			7.5	12.5	0.0	5.74
10.0	7.5_12.5	7	Bornholm Basin	2.28	0.83	73.0	4.5	0.48			7.5	12.5	0.0	6.16
10.0	7.5_12.5	8	Bornholm Basin	2.26	1.01	79.0	6.7	0.09			7.5	12.5	0.0	8.72
10.0	7.5_12.5	9	Bornholm Basin	2.31	0.77	79.0	4.95	0.9			7.5	12.5	0.0	6.49
10.0	7.5_12.5	10	Bornholm Basin	2.58	0.81	78.0	5.1	0.3			7.5	12.5	0.0	6.72
10.0	7.5_12.5	11	Bornholm Basin	2.47	1.19	93.0	6.9	0.3			7.5	12.5	0.0	9.28
10.0	7.5_12.5	12	Bornholm Basin	1.5	0.79	72.0	4.5	0.1			7.5	12.5	0.0	6.08
15.0	12.5_17.5	1	Bornholm Basin	0.79	0.33	70.0	1.6	0.1			12.5	17.5	0.0	2.26
15.0	12.5_17.5	2	Bornholm Basin	0.74	0.41	51.0	2.1	0.1			12.5	17.5	0.0	2.92
15.0	12.5_17.5	3	Bornholm Basin	1.81	1.43	77.0	8.3	0.25			12.5	17.5	0.0	11.16
15.0	12.5_17.5	4	Bornholm Basin	3.44	2.65	60.0	13.72	0.4			12.5	17.5	0.0	19.02
15.0	12.5_17.5	5	Bornholm Basin	2.04	1.33	80.0	9.3	0.46			12.5	17.5	0.0	11.96
15.0	12.5_17.5	6	Bornholm Basin	2.1	0.81	68.0	4.7	0.9			12.5	17.5	0.0	6.32
15.0	12.5_17.5	7	Bornholm Basin	2.23	0.69	72.0	3.6	0.58			12.5	17.5	0.0	4.98
15.0	12.5_17.5	8	Bornholm Basin	1.92	0.75	75.0	3.5	0.12			12.5	17.5	0.0	5.0
15.0	12.5_17.5	9	Bornholm Basin	2.13	0.69	78.0	5.27	0.8			12.5	17.5	0.0	6.65
15.0	12.5_17.5	10	Bornholm Basin	2.44	0.83	76.0	4.7	0.3			12.5	17.5	0.0	6.36
15.0	12.5_17.5	11	Bornholm Basin	2.53	1.23	90.0	6.0	0.2			12.5	17.5	0.0	8.46
15.0	12.5_17.5	12	Bornholm Basin	1.45	0.73	70.0	4.2	0.1			12.5	17.5	0.0	5.66
20.0	17.5_25.0	1	Bornholm Basin	0.79	0.35	62.0	1.6	0.1			17.5	25.0	0.0	2.3
20.0	17.5_25.0	2	Bornholm Basin	0.66	0.39	49.0	2.2	0.1			17.5	25.0	0.0	2.98
20.0	17.5_25.0	3	Bornholm Basin	1.65	1.25	72.0	8.0	0.2			17.5	25.0	0.0	10.5
20.0	17.5_25.0	4	Bornholm Basin	3.17	2.44	59.0	13.11	0.3			17.5	25.0	0.0	17.99
20.0	17.5_25.0	5	Bornholm Basin	1.92	1.52	73.0	9.1	0.2			17.5	25.0	0.0	12.14
20.0	17.5_25.0	6	Bornholm Basin	2.18	1.13	64.0	7.5	0.7			17.5	25.0	0.0	9.76
20.0	17.5_25.0	7	Bornholm Basin	1.81	0.81	66.0	4.2	0.58			17.5	25.0	0.0	5.82
20.0	17.5_25.0	8	Bornholm Basin	1.57	0.69	68.0	3.5	0.37			17.5	25.0	0.0	4.88
20.0	17.5_25.0	9	Bornholm Basin	1.81	0.58	70.0	2.9	0.3			17.5	25.0	0.0	4.06
20.0	17.5_25.0	10	Bornholm Basin	2.28	0.88	72.0	4.66	0.1			17.5	25.0	0.0	6.42
20.0	17.5_25.0	11	Bornholm Basin	2.51	1.25	83.0	6.6	0.1			17.5	25.0	0.0	9.1
20.0	17.5_25.0	12	Bornholm Basin	1.41	0.7	68.0	3.8	0.1			17.5	25.0	0.0	5.2
30.0	25.0_35.0	1	Bornholm Basin	0.71	0.3	48.0	1.3	0.2			25.0	35.0	0.0	1.9
30.0	25.0_35.0	2	Bornholm Basin	0.61	0.36	36.0	1.8	0.2			25.0	35.0	0.0	2.52
30.0	25.0_35.0	3	Bornholm Basin	1.22	0.94	53.0	5.0	0.15			25.0	35.0	0.0	6.88
30.0	25.0_35.0	4	Bornholm Basin	2.17	2.08	45.0	9.5	0.1			25.0	35.0	0.0	13.66
30.0	25.0_35.0	5	Bornholm Basin	0.77	0.48	56.0	1.93	0.1			25.0	35.0	0.0	2.89
30.0	25.0_35.0	6	Bornholm Basin	0.76	0.39	50.0	1.6	0.1			25.0	35.0	0.0	2.38
30.0	25.0_35.0	7	Bornholm Basin	0.75	0.39	51.0	1.8	0.1			25.0	35.0	0.0	2.58
30.0	25.0_35.0	8	Bornholm Basin	0.69	0.52	46.0	3.1	0.1			25.0	35.0	0.0	4.14
30.0	25.0_35.0	9	Bornholm Basin	0.95	0.69	56.0	2.6	0.2			25.0	35.0	0.0	3.98
30.0	25.0_35.0	10	Bornholm Basin	1.79	0.93	58.0	4.08	0.1			25.0	35.0	0.0	5.94
30.0	25.0_35.0	11	Bornholm Basin	2.39	1.42	64.0	7.3	0.2			25.0	35.0	0.0	10.14
30.0	25.0_35.0	12	Bornholm Basin	1.36	0.71	55.0	3.3	0.1			25.0	35.0	0.0	4.72
40.0	35.0_45.0	1	Bornholm Basin	0.64	0.32	39.0	1.3	0.1			35.0	45.0	0.0	1.94
40.0	35.0_45.0	2	Bornholm Basin	0.43	0.23	33.0	1.0	0.2			35.0	45.0	0.0	1.46
40.0	35.0_45.0	3	Bornholm Basin	0.92	0.98	45.0	5.4	0.1			35.0	45.0	0.0	7.36
40.0	35.0_45.0	4	Bornholm Basin	1.2	1.03	45.0	5.4	0.2			35.0	45.0	0.0	7.46
40.0	35.0_45.0	5	Bornholm Basin	0.53	0.69	41.0	4.3	0.1			35.0	45.0	0.0	5.68
40.0	35.0_45.0	6	Bornholm Basin	0.34	0.2	44.0	0.8	0.1			35.0	45.0	0.0	1.2
40.0	35.0_45.0	7	Bornholm Basin	0.36	0.2	44.0	1.1	0.1			35.0	45.0	0.0	1.5
40.0	35.0_45.0	8	Bornholm Basin	0.32	0.2	40.0	1.0	0.1			35.0	45.0	0.0	1.4
40.0	35.0_45.0	9	Bornholm Basin	0.25	0.17	50.0	0.9	0.1			35.0	45.0	0.0	1.24
40.0	35.0_45.0	10	Bornholm Basin	0.72	0.92	49.0	3.8	0.1			35.0	45.0	0.0	5.64
40.0	35.0_45.0	11	Bornholm Basin	1.72	1.64	49.0	7.4	0.2			35.0	45.0	0.0	10.68
40.0	35.0_45.0	12	Bornholm Basin	1.14	0.66	48.0	3.4	0.1			35.0	45.0	0.0	4.72
50.0	45.0_55.0	1	Bornholm Basin	0.34	0.23	38.0	0.9	0.1			45.0	55.0	0.0	1.36
50.0	45.0_55.0	2	Bornholm Basin	0.26	0.16	33.0	1.0	0.1			45.0	55.0	0.0	1.32
50.0	45.0_55.0	3	Bornholm Basin	0.43	0.36	44.0	1.55	0.1			45.0	55.0	0.0	2.27
50.0	45.0_55.0	4	Bornholm Basin	0.73	0.6	44.0	3.2	0.1			45.0	55.0	0.0	4.4
50.0	45.0_55.0	5	Bornholm Basin	0.36	0.27	40.0	1.5	0.1			45.0	55.0	0.0	2.04
50.0	45.0_55.0	6	Bornholm Basin	0.26	0.16	43.0	0.7	0.1			45.0	55.0	0.0	1.02
50.0	45.0_55.0	7	Bornholm Basin	0.23	0.11	44.0	0.5	0.1			45.0	55.0	0.0	0.72
50.0	45.0_55.0	8	Bornholm Basin	0.2	0.13	40.0	0.6	0.1			45.0	55.0	0.0	0.86
50.0	45.0_55.0	9	Bornholm Basin	0.18	0.14	50.0	1.0	0.1			45.0	55.0	0.0	1.28
50.0	45.0_55.0	10	Bornholm Basin	0.2	0.17	47.0	1.2	0.1			45.0	55.0	0.0	1.54
50.0	45.0_55.0	11	Bornholm Basin	0.41	0.56	49.0	3.1	0.1			45.0	55.0	0.0	4.22
50.0	45.0_55.0	12	Bornholm Basin	0.56	0.6	49.0	3.3	0.1			45.0	55.0	0.0	4.5
0.0	0_2.5	11	Bothnian Sea	1.13	0.17	21.0	1.41	0.7			0.0	2.5	0.36	1.75
5.0	2.5_7.5	11	Bothnian Sea	1.15	0.18	21.0	1.4	0.8			2.5	7.5	0.44	1.76
10.0	7.5_12.5	11	Bothnian Sea	1.16	0.16	21.0	1.45	0.8			7.5	12.5	0.48	1.77
15.0	12.5_17.5	11	Bothnian Sea	1.11	0.18	21.0	1.41	0.7			12.5	17.5	0.34	1.77
0.0	0_2.5	1	Eastern Gotland Basin	0.46	0.33	102.0	1.7	0.1			0.0	2.5	0.0	2.36
0.0	0_2.5	2	Eastern Gotland Basin	0.47	0.27	76.0	1.2	0.1			0.0	2.5	0.0	1.74
0.0	0_2.5	3	Eastern Gotland Basin	1.09	1.1	107.0	8.6	0.1			0.0	2.5	0.0	10.8
0.0	0_2.5	4	Eastern Gotland Basin	6.14	5.42	118.0	36.2	0.7			0.0	2.5	0.0	47.04
0.0	0_2.5	5	Eastern Gotland Basin	3.26	2.16	88.0	11.2	0.6			0.0	2.5	0.0	15.52
0.0	0_2.5	6	Eastern Gotland Basin	2.88	2.14	98.0	15.7	0.1			0.0	2.5	0.0	19.98
0.0	0_2.5	7	Eastern Gotland Basin	3.84	1.71	107.0	12.8	1.2			0.0	2.5	0.0	16.22
0.0	0_2.5	8	Eastern Gotland Basin	2.79	0.9	104.0	5.7	1.1			0.0	2.5	0.0	7.5
0.0	0_2.5	9	Eastern Gotland Basin	2.5	0.74	94.0	4.4	0.1			0.0	2.5	0.0	5.88
0.0	0_2.5	10	Eastern Gotland Basin	2.67	0.77	96.0	5.4	0.3			0.0	2.5	0.0	6.94
0.0	0_2.5	11	Eastern Gotland Basin	2.34	1.21	108.0	5.7	0.4			0.0	2.5	0.0	8.12
0.0	0_2.5	12	Eastern Gotland Basin	1.04	0.6	98.0	3.4	0.1			0.0	2.5	0.0	4.6
5.0	2.5_7.5	1	Eastern Gotland Basin	0.45	0.29	102.0	1.6	0.1			2.5	7.5	0.0	2.18
5.0	2.5_7.5	2	Eastern Gotland Basin	0.48	0.26	76.0	1.5	0.1			2.5	7.5	0.0	2.02
5.0	2.5_7.5	3	Eastern Gotland Basin	1.07	1.11	105.0	9.0	0.1			2.5	7.5	0.0	11.22
5.0	2.5_7.5	4	Eastern Gotland Basin	5.83	5.09	119.0	30.9	0.5			2.5	7.5	0.0	41.08
5.0	2.5_7.5	5	Eastern Gotland Basin	3.38	2.03	91.0	10.9	1.1			2.5	7.5	0.0	14.96
5.0	2.5_7.5	6	Eastern Gotland Basin	3.02	2.02	97.0	13.3	0.25			2.5	7.5	0.0	17.34
5.0	2.5_7.5	7	Eastern Gotland Basin	3.88	1.72	108.0	13.4	1.2			2.5	7.5	0.0	16.84
5.0	2.5_7.5	8	Eastern Gotland Basin	2.82	0.88	105.0	6.33	1.0			2.5	7.5	0.0	8.09
5.0	2.5_7.5	9	Eastern Gotland Basin	2.51	0.77	92.0	4.6	0.2			2.5	7.5	0.0	6.14
5.0	2.5_7.5	10	Eastern Gotland Basin	2.64	0.71	96.0	5.54	0.9			2.5	7.5	0.0	6.96
5.0	2.5_7.5	11	Eastern Gotland Basin	2.35	1.28	109.0	6.3	0.4			2.5	7.5	0.0	8.86
5.0	2.5_7.5	12	Eastern Gotland Basin	1.05	0.62	97.0	3.8	0.1			2.5	7.5	0.0	5.04
10.0	7.5_12.5	1	Eastern Gotland Basin	0.45	0.28	101.0	1.5	0.1			7.5	12.5	0.0	2.06
10.0	7.5_12.5	2	Eastern Gotland Basin	0.54	0.39	77.0	2.4	0.1			7.5	12.5	0.0	3.18
10.0	7.5_12.5	3	Eastern Gotland Basin	1.05	1.09	104.0	8.4	0.1			7.5	12.5	0.0	10.58
10.0	7.5_12.5	4	Eastern Gotland Basin	4.91	4.45	119.0	28.2	0.3			7.5	12.5	0.0	37.1
10.0	7.5_12.5	5	Eastern Gotland Basin	3.09	1.8	91.0	10.18	1.1			7.5	12.5	0.0	13.78
10.0	7.5_12.5	6	Eastern Gotland Basin	3.36	2.31	98.0	14.9	0.8			7.5	12.5	0.0	19.52
10.0	7.5_12.5	7	Eastern Gotland Basin	3.85	1.32	106.0	8.4	1.4			7.5	12.5	0.0	11.04
10.0	7.5_12.5	8	Eastern Gotland Basin	2.88	0.83	103.0	6.2	1.36			7.5	12.5	0.0	7.86
10.0	7.5_12.5	9	Eastern Gotland Basin	2.44	0.75	94.0	4.2	0.2			7.5	12.5	0.0	5.7
10.0	7.5_12.5	10	Eastern Gotland Basin	2.65	0.74	96.0	5.33	0.7			7.5	12.5	0.0	6.81
10.0	7.5_12.5	11	Eastern Gotland Basin	2.35	1.28	108.0	6.9	0.3			7.5	12.5	0.0	9.46
10.0	7.5_12.5	12	Eastern Gotland Basin	1.01	0.57	98.0	2.7	0.1			7.5	12.5	0.0	3.84
15.0	12.5_17.5	1	Eastern Gotland Basin	0.43	0.25	101.0	1.4	0.1			12.5	17.5	0.0	1.9
15.0	12.5_17.5	2	Eastern Gotland Basin	0.5	0.3	76.0	1.5	0.1			12.5	17.5	0.0	2.1
15.0	12.5_17.5	3	Eastern Gotland Basin	1.02	1.02	105.0	7.9	0.1			12.5	17.5	0.0	9.94
15.0	12.5_17.5	4	Eastern Gotland Basin	3.93	3.57	117.0	23.8	0.3			12.5	17.5	0.0	30.94
15.0	12.5_17.5	5	Eastern Gotland Basin	2.46	1.47	90.0	9.9	0.2			12.5	17.5	0.0	12.84
15.0	12.5_17.5	6	Eastern Gotland Basin	3.17	2.13	97.0	13.1	0.2			12.5	17.5	0.0	17.36
15.0	12.5_17.5	7	Eastern Gotland Basin	3.04	1.03	107.0	5.4	0.34			12.5	17.5	0.0	7.46
15.0	12.5_17.5	8	Eastern Gotland Basin	2.67	0.86	104.0	5.5	1.0			12.5	17.5	0.0	7.22
15.0	12.5_17.5	9	Eastern Gotland Basin	2.28	0.8	94.0	4.6	0.2			12.5	17.5	0.0	6.2
15.0	12.5_17.5	10	Eastern Gotland Basin	2.55	0.73	96.0	4.87	0.1			12.5	17.5	0.0	6.33
15.0	12.5_17.5	11	Eastern Gotland Basin	2.31	1.26	108.0	6.8	0.3			12.5	17.5	0.0	9.32
15.0	12.5_17.5	12	Eastern Gotland Basin	1.0	0.54	96.0	2.5	0.1			12.5	17.5	0.0	3.58
20.0	17.5_25.0	1	Eastern Gotland Basin	0.47	0.44	100.0	4.0	0.1			17.5	25.0	0.0	4.88
20.0	17.5_25.0	2	Eastern Gotland Basin	0.45	0.28	76.0	1.7	0.1			17.5	25.0	0.0	2.26
20.0	17.5_25.0	3	Eastern Gotland Basin	0.97	0.96	105.0	6.1	0.1			17.5	25.0	0.0	8.02
20.0	17.5_25.0	4	Eastern Gotland Basin	3.29	2.93	119.0	18.3	0.1			17.5	25.0	0.0	24.16
20.0	17.5_25.0	5	Eastern Gotland Basin	1.71	1.34	90.0	9.1	0.2			17.5	25.0	0.0	11.78
20.0	17.5_25.0	6	Eastern Gotland Basin	1.92	1.06	98.0	5.0	0.1			17.5	25.0	0.0	7.12
20.0	17.5_25.0	7	Eastern Gotland Basin	1.95	0.85	107.0	4.8	0.3			17.5	25.0	0.0	6.5
20.0	17.5_25.0	8	Eastern Gotland Basin	1.92	0.79	103.0	4.1	0.35			17.5	25.0	0.0	5.68
20.0	17.5_25.0	9	Eastern Gotland Basin	1.99	0.9	94.0	4.4	0.1			17.5	25.0	0.0	6.2
20.0	17.5_25.0	10	Eastern Gotland Basin	2.44	0.75	96.0	4.95	0.1			17.5	25.0	0.0	6.45
20.0	17.5_25.0	11	Eastern Gotland Basin	2.22	1.35	107.0	7.0	0.1			17.5	25.0	0.0	9.7
20.0	17.5_25.0	12	Eastern Gotland Basin	1.02	0.55	98.0	2.5	0.1			17.5	25.0	0.0	3.6
30.0	25.0_35.0	1	Eastern Gotland Basin	0.47	0.29	61.0	1.3	0.1			25.0	35.0	0.0	1.88
30.0	25.0_35.0	2	Eastern Gotland Basin	0.49	0.3	49.0	1.7	0.1			25.0	35.0	0.0	2.3
30.0	25.0_35.0	3	Eastern Gotland Basin	0.9	1.12	64.0	6.7	0.1			25.0	35.0	0.0	8.94
30.0	25.0_35.0	4	Eastern Gotland Basin	1.86	1.58	78.0	7.9	0.3			25.0	35.0	0.0	11.06
30.0	25.0_35.0	5	Eastern Gotland Basin	0.79	0.7	59.0	3.3	0.1			25.0	35.0	0.0	4.7
30.0	25.0_35.0	6	Eastern Gotland Basin	0.5	0.38	64.0	1.9	0.1			25.0	35.0	0.0	2.66
30.0	25.0_35.0	7	Eastern Gotland Basin	0.63	0.47	67.0	3.2	0.2			25.0	35.0	0.0	4.14
30.0	25.0_35.0	8	Eastern Gotland Basin	0.81	0.66	61.0	3.6	0.1			25.0	35.0	0.0	4.92
30.0	25.0_35.0	9	Eastern Gotland Basin	0.91	0.86	67.0	3.5	0.1			25.0	35.0	0.0	5.22
30.0	25.0_35.0	10	Eastern Gotland Basin	2.05	0.8	61.0	3.7	0.1			25.0	35.0	0.0	5.3
30.0	25.0_35.0	11	Eastern Gotland Basin	2.31	1.39	73.0	7.1	0.4			25.0	35.0	0.0	9.88
30.0	25.0_35.0	12	Eastern Gotland Basin	1.12	0.55	64.0	3.0	0.3			25.0	35.0	0.0	4.1
40.0	35.0_45.0	1	Eastern Gotland Basin	0.44	0.28	61.0	1.5	0.1			35.0	45.0	0.0	2.06
40.0	35.0_45.0	2	Eastern Gotland Basin	0.43	0.27	48.0	1.7	0.1			35.0	45.0	0.0	2.24
40.0	35.0_45.0	3	Eastern Gotland Basin	0.69	0.68	61.0	4.2	0.1			35.0	45.0	0.0	5.56
40.0	35.0_45.0	4	Eastern Gotland Basin	1.34	1.27	80.0	6.7	0.2			35.0	45.0	0.0	9.24
40.0	35.0_45.0	5	Eastern Gotland Basin	0.48	0.39	59.0	1.9	0.1			35.0	45.0	0.0	2.68
40.0	35.0_45.0	6	Eastern Gotland Basin	0.27	0.21	64.0	1.1	0.1			35.0	45.0	0.0	1.52
40.0	35.0_45.0	7	Eastern Gotland Basin	0.3	0.32	67.0	2.7	0.1			35.0	45.0	0.0	3.34
40.0	35.0_45.0	8	Eastern Gotland Basin	0.33	0.2	60.0	1.1	0.1			35.0	45.0	0.0	1.5
40.0	35.0_45.0	9	Eastern Gotland Basin	0.36	0.41	67.0	2.6	0.1			35.0	45.0	0.0	3.42
40.0	35.0_45.0	10	Eastern Gotland Basin	0.71	0.86	61.0	3.6	0.1			35.0	45.0	0.0	5.32
40.0	35.0_45.0	11	Eastern Gotland Basin	1.8	1.6	71.0	6.9	0.1			35.0	45.0	0.0	10.1
40.0	35.0_45.0	12	Eastern Gotland Basin	1.08	0.65	65.0	3.5	0.1			35.0	45.0	0.0	4.8
50.0	45.0_55.0	1	Eastern Gotland Basin	0.37	0.23	61.0	1.1	0.1			45.0	55.0	0.0	1.56
50.0	45.0_55.0	2	Eastern Gotland Basin	0.35	0.23	47.0	1.4	0.1			45.0	55.0	0.0	1.86
50.0	45.0_55.0	3	Eastern Gotland Basin	0.51	0.33	61.0	1.6	0.1			45.0	55.0	0.0	2.26
50.0	45.0_55.0	4	Eastern Gotland Basin	0.87	0.97	80.0	6.4	0.1			45.0	55.0	0.0	8.34
50.0	45.0_55.0	5	Eastern Gotland Basin	0.37	0.27	58.0	1.1	0.1			45.0	55.0	0.0	1.64
50.0	45.0_55.0	6	Eastern Gotland Basin	0.27	0.42	63.0	3.1	0.1			45.0	55.0	0.0	3.94
50.0	45.0_55.0	7	Eastern Gotland Basin	0.19	0.09	67.0	0.5	0.1			45.0	55.0	0.0	0.68
50.0	45.0_55.0	8	Eastern Gotland Basin	0.2	0.11	59.0	0.5	0.1			45.0	55.0	0.0	0.72
50.0	45.0_55.0	9	Eastern Gotland Basin	0.17	0.1	67.0	0.6	0.1			45.0	55.0	0.0	0.8
50.0	45.0_55.0	10	Eastern Gotland Basin	0.19	0.13	61.0	0.7	0.1			45.0	55.0	0.0	0.96
50.0	45.0_55.0	11	Eastern Gotland Basin	0.84	1.25	72.0	6.5	0.1			45.0	55.0	0.0	9.0
50.0	45.0_55.0	12	Eastern Gotland Basin	0.91	0.7	66.0	3.5	0.1			45.0	55.0	0.0	4.9
0.0	0_2.5	1	Kattegat	2.09	2.78	176.0	20.2	0.3			0.0	2.5	0.0	25.76
0.0	0_2.5	2	Kattegat	3.9	4.14	117.0	22.3	0.1			0.0	2.5	0.0	30.58
0.0	0_2.5	3	Kattegat	5.31	4.07	108.0	17.8	0.2			0.0	2.5	0.0	25.94
0.0	0_2.5	4	Kattegat	1.8	1.24	115.0	7.2	0.2			0.0	2.5	0.0	9.68
0.0	0_2.5	5	Kattegat	1.25	0.67	140.0	4.96	0.3			0.0	2.5	0.0	6.3
0.0	0_2.5	6	Kattegat	1.19	0.71	116.0	4.37	0.2			0.0	2.5	0.0	5.79
0.0	0_2.5	7	Kattegat	1.05	0.66	95.0	3.9	0.2			0.0	2.5	0.0	5.22
0.0	0_2.5	8	Kattegat	1.16	0.71	124.0	4.93	0.1			0.0	2.5	0.0	6.35
0.0	0_2.5	9	Kattegat	1.59	0.97	131.0	5.9	0.1			0.0	2.5	0.0	7.84
0.0	0_2.5	10	Kattegat	2.84	1.58	96.0	8.7	0.3			0.0	2.5	0.0	11.86
0.0	0_2.5	11	Kattegat	3.69	2.3	108.0	15.2	0.7			0.0	2.5	0.0	19.8
0.0	0_2.5	12	Kattegat	2.81	2.29	100.0	13.7	0.1			0.0	2.5	0.0	18.28
5.0	2.5_7.5	1	Kattegat	2.03	2.65	182.0	16.35	0.2			2.5	7.5	0.0	21.65
5.0	2.5_7.5	2	Kattegat	3.7	4.08	127.0	17.7	0.2			2.5	7.5	0.0	25.86
5.0	2.5_7.5	3	Kattegat	5.49	4.11	120.0	17.9	0.25			2.5	7.5	0.0	26.12
5.0	2.5_7.5	4	Kattegat	1.81	1.21	118.0	7.0	0.25			2.5	7.5	0.0	9.42
5.0	2.5_7.5	5	Kattegat	1.33	0.68	128.0	4.78	0.3			2.5	7.5	0.0	6.14
5.0	2.5_7.5	6	Kattegat	1.25	0.68	121.0	3.4	0.3			2.5	7.5	0.0	4.76
5.0	2.5_7.5	7	Kattegat	1.07	0.68	102.0	4.57	0.1			2.5	7.5	0.0	5.93
5.0	2.5_7.5	8	Kattegat	1.26	0.84	131.0	5.9	0.1			2.5	7.5	0.0	7.58
5.0	2.5_7.5	9	Kattegat	1.56	0.92	139.0	5.54	0.3			2.5	7.5	0.0	7.38
5.0	2.5_7.5	10	Kattegat	2.73	1.52	112.0	8.8	0.3			2.5	7.5	0.0	11.84
5.0	2.5_7.5	11	Kattegat	3.68	2.0	121.0	11.6	0.7			2.5	7.5	0.0	15.6
5.0	2.5_7.5	12	Kattegat	2.58	2.03	106.0	12.9	0.1			2.5	7.5	0.0	16.96
10.0	7.5_12.5	1	Kattegat	1.93	2.4	175.0	14.1	0.1			7.5	12.5	0.0	18.9
10.0	7.5_12.5	2	Kattegat	3.14	3.47	116.0	16.0	0.1			7.5	12.5	0.0	22.94
10.0	7.5_12.5	3	Kattegat	5.32	4.11	109.0	17.1	0.2			7.5	12.5	0.0	25.32
10.0	7.5_12.5	4	Kattegat	2.38	2.68	109.0	21.3	0.2			7.5	12.5	0.0	26.66
10.0	7.5_12.5	5	Kattegat	2.58	3.28	128.0	30.53	0.5			7.5	12.5	0.0	37.09
10.0	7.5_12.5	6	Kattegat	1.88	1.01	107.0	5.1	0.33			7.5	12.5	0.0	7.12
10.0	7.5_12.5	7	Kattegat	1.42	0.83	89.0	4.7	0.35			7.5	12.5	0.0	6.36
10.0	7.5_12.5	8	Kattegat	1.51	1.1	118.0	8.2	0.1			7.5	12.5	0.0	10.4
10.0	7.5_12.5	9	Kattegat	1.72	1.08	126.0	6.6	0.3			7.5	12.5	0.0	8.76
10.0	7.5_12.5	10	Kattegat	2.54	1.47	95.0	7.9	0.1			7.5	12.5	0.0	10.84
10.0	7.5_12.5	11	Kattegat	2.96	1.69	105.0	7.8	0.3			7.5	12.5	0.0	11.18
10.0	7.5_12.5	12	Kattegat	2.12	1.91	97.0	8.7	0.1			7.5	12.5	0.0	12.52
15.0	12.5_17.5	1	Kattegat	1.21	1.69	168.0	13.1	0.1			12.5	17.5	0.0	16.48
15.0	12.5_17.5	2	Kattegat	1.89	2.33	114.0	10.55	0.1			12.5	17.5	0.0	15.21
15.0	12.5_17.5	3	Kattegat	4.11	3.38	106.0	12.6	0.1			12.5	17.5	0.0	19.36
15.0	12.5_17.5	4	Kattegat	2.39	2.49	102.0	12.3	0.2			12.5	17.5	0.0	17.28
15.0	12.5_17.5	5	Kattegat	2.86	2.89	110.0	14.68	0.3			12.5	17.5	0.0	20.46
15.0	12.5_17.5	6	Kattegat	2.24	1.22	102.0	7.12	0.5			12.5	17.5	0.0	9.56
15.0	12.5_17.5	7	Kattegat	1.68	1.02	88.0	6.6	0.5			12.5	17.5	0.0	8.64
15.0	12.5_17.5	8	Kattegat	1.46	0.74	112.0	5.5	0.1			12.5	17.5	0.0	6.98
15.0	12.5_17.5	9	Kattegat	1.58	0.91	118.0	5.35	0.5			12.5	17.5	0.0	7.17
15.0	12.5_17.5	10	Kattegat	2.02	1.41	94.0	7.97	0.1			12.5	17.5	0.0	10.79
15.0	12.5_17.5	11	Kattegat	2.07	1.45	100.0	6.6	0.15			12.5	17.5	0.0	9.5
15.0	12.5_17.5	12	Kattegat	1.5	1.58	95.0	8.1	0.1			12.5	17.5	0.0	11.26
20.0	17.5_22.5	1	Kattegat	0.64	0.67	158.0	4.7	0.1			17.5	22.5	0.0	6.04
20.0	17.5_22.5	2	Kattegat	1.05	1.45	112.0	8.2	0.1			17.5	22.5	0.0	11.1
20.0	17.5_22.5	3	Kattegat	2.64	2.73	105.0	13.33	0.1			17.5	22.5	0.0	18.79
20.0	17.5_22.5	4	Kattegat	1.7	2.12	102.0	13.4	0.1			17.5	22.5	0.0	17.64
20.0	17.5_22.5	5	Kattegat	2.05	2.98	103.0	16.74	0.1			17.5	22.5	0.0	22.7
20.0	17.5_22.5	6	Kattegat	1.8	1.27	103.0	6.8	0.1			17.5	22.5	0.0	9.34
20.0	17.5_22.5	7	Kattegat	1.41	0.8	87.0	4.1	0.3			17.5	22.5	0.0	5.7
20.0	17.5_22.5	8	Kattegat	1.11	0.64	109.0	4.1	0.1			17.5	22.5	0.0	5.38
20.0	17.5_22.5	9	Kattegat	0.91	0.65	112.0	3.95	0.1			17.5	22.5	0.0	5.25
20.0	17.5_22.5	10	Kattegat	0.97	0.9	92.0	4.7	0.1			17.5	22.5	0.0	6.5
20.0	17.5_22.5	11	Kattegat	1.24	1.08	103.0	5.8	0.1			17.5	22.5	0.0	7.96
20.0	17.5_22.5	12	Kattegat	0.96	1.36	96.0	8.0	0.1			17.5	22.5	0.0	10.72
25.0	22.5_27.5	1	Kattegat	0.49	0.63	105.0	4.7	0.1			22.5	27.5	0.0	5.96
25.0	22.5_27.5	2	Kattegat	0.7	1.01	70.0	5.2	0.1			22.5	27.5	0.0	7.22
25.0	22.5_27.5	3	Kattegat	1.57	2.28	61.0	11.9	0.1			22.5	27.5	0.0	16.46
25.0	22.5_27.5	4	Kattegat	1.04	1.46	64.0	7.5	0.1			22.5	27.5	0.0	10.42
25.0	22.5_27.5	5	Kattegat	1.05	1.97	60.0	15.0	0.1			22.5	27.5	0.0	18.94
25.0	22.5_27.5	6	Kattegat	1.16	0.97	57.0	4.4	0.1			22.5	27.5	0.0	6.34
25.0	22.5_27.5	7	Kattegat	1.2	1.44	58.0	9.4	0.2			22.5	27.5	0.0	12.28
25.0	22.5_27.5	8	Kattegat	0.71	0.62	72.0	3.7	0.1			22.5	27.5	0.0	4.94
25.0	22.5_27.5	9	Kattegat	0.49	0.34	73.0	2.3	0.1			22.5	27.5	0.0	2.98
25.0	22.5_27.5	10	Kattegat	0.44	0.37	64.0	1.8	0.1			22.5	27.5	0.0	2.54
25.0	22.5_27.5	11	Kattegat	0.61	0.8	62.0	5.6	0.1			22.5	27.5	0.0	7.2
25.0	22.5_27.5	12	Kattegat	0.52	0.5	59.0	2.3	0.1			22.5	27.5	0.0	3.3
30.0	27.5_35.0	1	Kattegat	0.42	0.5	83.0	4.4	0.1			27.5	35.0	0.0	5.4
30.0	27.5_35.0	2	Kattegat	0.5	0.7	54.0	4.0	0.1			27.5	35.0	0.0	5.4
30.0	27.5_35.0	3	Kattegat	1.39	1.92	43.0	8.6	0.1			27.5	35.0	0.0	12.44
30.0	27.5_35.0	4	Kattegat	1.21	1.87	46.0	8.5	0.1			27.5	35.0	0.0	12.24
30.0	27.5_35.0	5	Kattegat	1.1	2.04	48.0	14.0	0.1			27.5	35.0	0.0	18.08
30.0	27.5_35.0	6	Kattegat	0.9	0.85	44.0	4.9	0.1			27.5	35.0	0.0	6.6
30.0	27.5_35.0	7	Kattegat	1.36	3.5	43.0	22.35	0.1			27.5	35.0	0.0	29.35
30.0	27.5_35.0	8	Kattegat	0.55	0.63	55.0	3.7	0.1			27.5	35.0	0.0	4.96
30.0	27.5_35.0	9	Kattegat	0.35	0.22	52.0	1.2	0.1			27.5	35.0	0.0	1.64
30.0	27.5_35.0	10	Kattegat	0.37	0.39	44.0	1.89	0.1			27.5	35.0	0.0	2.67
30.0	27.5_35.0	11	Kattegat	0.48	0.62	44.0	3.9	0.1			27.5	35.0	0.0	5.14
30.0	27.5_35.0	12	Kattegat	0.48	0.46	44.0	2.0	0.1			27.5	35.0	0.0	2.92
40.0	35.0_45.0	1	Kattegat	0.39	0.54	67.0	4.4	0.1			35.0	45.0	0.0	5.48
40.0	35.0_45.0	2	Kattegat	0.39	0.49	41.0	2.8	0.1			35.0	45.0	0.0	3.78
40.0	35.0_45.0	3	Kattegat	0.92	1.16	33.0	5.3	0.1			35.0	45.0	0.0	7.62
40.0	35.0_45.0	4	Kattegat	0.53	0.74	37.0	3.7	0.1			35.0	45.0	0.0	5.18
40.0	35.0_45.0	5	Kattegat	0.5	0.36	32.0	1.45	0.1			35.0	45.0	0.0	2.17
40.0	35.0_45.0	6	Kattegat	0.69	0.72	32.0	2.5	0.1			35.0	45.0	0.0	3.94
40.0	35.0_45.0	7	Kattegat	0.45	0.48	34.0	2.2	0.1			35.0	45.0	0.0	3.16
40.0	35.0_45.0	8	Kattegat	0.37	0.5	41.0	2.5	0.1			35.0	45.0	0.0	3.5
40.0	35.0_45.0	9	Kattegat	0.23	0.13	42.0	0.6	0.1			35.0	45.0	0.0	0.86
40.0	35.0_45.0	10	Kattegat	0.22	0.1	36.0	0.5	0.1			35.0	45.0	0.0	0.7
40.0	35.0_45.0	11	Kattegat	0.29	0.13	34.0	0.7	0.1			35.0	45.0	0.0	0.96
40.0	35.0_45.0	12	Kattegat	0.33	0.29	35.0	1.4	0.1			35.0	45.0	0.0	1.98
50.0	45.0_55.0	8	Kattegat	0.35	0.55	16.0	2.4	0.1			45.0	55.0	0.0	3.5
0.0	0_2.5	5	North Sea	2.45	2.76	20.0	12.05	0.29	6.92	0.57	0.0	2.5	0.0	17.57
0.0	0_2.5	1	Northern Baltic Proper	0.33	0.22	20.0	1.0	0.1			0.0	2.5	0.0	1.44
0.0	0_2.5	2	Northern Baltic Proper	0.35	0.13	20.0	0.6	0.1			0.0	2.5	0.0	0.86
0.0	0_2.5	3	Northern Baltic Proper	0.84	0.61	28.0	3.23	0.32			0.0	2.5	0.0	4.45
0.0	0_2.5	4	Northern Baltic Proper	5.33	2.76	28.0	13.73	0.86			0.0	2.5	0.0	19.25
0.0	0_2.5	5	Northern Baltic Proper	3.88	4.89	28.0	21.4	1.0			0.0	2.5	0.0	31.18
0.0	0_2.5	6	Northern Baltic Proper	2.23	1.06	29.0	5.8	0.63			0.0	2.5	0.0	7.92
0.0	0_2.5	7	Northern Baltic Proper	3.42	1.18	27.0	5.38	0.81			0.0	2.5	0.0	7.74
0.0	0_2.5	8	Northern Baltic Proper	2.68	0.77	25.0	4.4	1.45			0.0	2.5	0.0	5.94
0.0	0_2.5	9	Northern Baltic Proper	2.75	0.76	24.0	4.7	1.36			0.0	2.5	0.0	6.22
0.0	0_2.5	11	Northern Baltic Proper	1.94	0.87	31.0	4.5	0.7			0.0	2.5	0.0	6.24
0.0	0_2.5	12	Northern Baltic Proper	0.67	0.4	30.0	2.2	0.1			0.0	2.5	0.0	3.0
5.0	2.5_7.5	1	Northern Baltic Proper	0.31	0.18	20.0	0.7	0.1			2.5	7.5	0.0	1.06
5.0	2.5_7.5	2	Northern Baltic Proper	0.36	0.15	20.0	0.7	0.1			2.5	7.5	0.0	1.0
5.0	2.5_7.5	3	Northern Baltic Proper	0.81	0.54	28.0	3.0	0.39			2.5	7.5	0.0	4.08
5.0	2.5_7.5	4	Northern Baltic Proper	5.31	2.06	28.0	9.28	0.82			2.5	7.5	0.0	13.4
5.0	2.5_7.5	5	Northern Baltic Proper	3.84	3.79	27.0	17.55	1.49			2.5	7.5	0.0	25.13
5.0	2.5_7.5	6	Northern Baltic Proper	2.34	1.03	29.0	4.9	0.5			2.5	7.5	0.0	6.96
5.0	2.5_7.5	7	Northern Baltic Proper	3.4	1.04	27.0	6.04	1.9			2.5	7.5	0.0	8.12
5.0	2.5_7.5	8	Northern Baltic Proper	2.68	0.77	25.0	4.4	1.49			2.5	7.5	0.0	5.94
5.0	2.5_7.5	9	Northern Baltic Proper	2.76	0.78	23.0	4.9	1.26			2.5	7.5	0.0	6.46
5.0	2.5_7.5	11	Northern Baltic Proper	1.92	0.93	32.0	4.8	0.4			2.5	7.5	0.0	6.66
5.0	2.5_7.5	12	Northern Baltic Proper	0.66	0.33	30.0	1.7	0.1			2.5	7.5	0.0	2.36
10.0	7.5_12.5	1	Northern Baltic Proper	0.3	0.18	20.0	0.7	0.1			7.5	12.5	0.0	1.06
10.0	7.5_12.5	2	Northern Baltic Proper	0.34	0.15	20.0	0.6	0.1			7.5	12.5	0.0	0.9
10.0	7.5_12.5	3	Northern Baltic Proper	0.72	0.31	28.0	1.51	0.33			7.5	12.5	0.0	2.13
10.0	7.5_12.5	4	Northern Baltic Proper	4.9	2.21	28.0	9.9	0.83			7.5	12.5	0.0	14.32
10.0	7.5_12.5	5	Northern Baltic Proper	2.9	1.39	26.0	8.18	1.31			7.5	12.5	0.0	10.96
10.0	7.5_12.5	6	Northern Baltic Proper	2.63	1.02	29.0	4.64	1.1			7.5	12.5	0.0	6.68
10.0	7.5_12.5	7	Northern Baltic Proper	3.5	0.88	27.0	5.13	2.2			7.5	12.5	0.44	6.89
10.0	7.5_12.5	8	Northern Baltic Proper	2.92	0.96	25.0	5.35	1.67			7.5	12.5	0.0	7.27
10.0	7.5_12.5	9	Northern Baltic Proper	2.69	0.71	24.0	4.2	1.23			7.5	12.5	0.0	5.62
10.0	7.5_12.5	11	Northern Baltic Proper	1.86	0.85	32.0	4.4	0.7			7.5	12.5	0.0	6.1
10.0	7.5_12.5	12	Northern Baltic Proper	0.71	0.38	28.0	1.8	0.1			7.5	12.5	0.0	2.56
15.0	12.5_17.5	1	Northern Baltic Proper	0.29	0.16	19.0	0.7	0.1			12.5	17.5	0.0	1.02
15.0	12.5_17.5	2	Northern Baltic Proper	0.34	0.16	20.0	0.7	0.1			12.5	17.5	0.0	1.02
15.0	12.5_17.5	3	Northern Baltic Proper	0.65	0.26	28.0	1.32	0.35			12.5	17.5	0.0	1.84
15.0	12.5_17.5	4	Northern Baltic Proper	4.18	2.21	26.0	8.4	0.76			12.5	17.5	0.0	12.82
15.0	12.5_17.5	5	Northern Baltic Proper	2.13	0.84	25.0	4.48	0.88			12.5	17.5	0.0	6.16
15.0	12.5_17.5	6	Northern Baltic Proper	2.62	0.94	28.0	5.68	1.23			12.5	17.5	0.0	7.56
15.0	12.5_17.5	7	Northern Baltic Proper	2.88	0.66	26.0	4.16	1.66			12.5	17.5	0.34	5.48
15.0	12.5_17.5	8	Northern Baltic Proper	2.38	0.78	25.0	4.1	1.09			12.5	17.5	0.0	5.66
15.0	12.5_17.5	9	Northern Baltic Proper	2.46	0.56	23.0	3.9	1.43			12.5	17.5	0.31	5.02
15.0	12.5_17.5	11	Northern Baltic Proper	1.86	0.95	32.0	5.4	0.6			12.5	17.5	0.0	7.3
15.0	12.5_17.5	12	Northern Baltic Proper	0.68	0.36	30.0	1.8	0.1			12.5	17.5	0.0	2.52
20.0	17.5_25.0	1	Northern Baltic Proper	0.27	0.15	19.0	0.7	0.1			17.5	25.0	0.0	1.0
20.0	17.5_25.0	2	Northern Baltic Proper	0.28	0.13	20.0	0.5	0.1			17.5	25.0	0.0	0.76
20.0	17.5_25.0	3	Northern Baltic Proper	0.54	0.24	22.0	1.1	0.2			17.5	25.0	0.0	1.58
20.0	17.5_25.0	4	Northern Baltic Proper	3.53	2.61	21.0	9.2	0.67			17.5	25.0	0.0	14.42
20.0	17.5_25.0	5	Northern Baltic Proper	1.72	1.02	22.0	4.21	0.42			17.5	25.0	0.0	6.25
20.0	17.5_25.0	6	Northern Baltic Proper	1.71	0.66	23.0	3.39	0.6			17.5	25.0	0.0	4.71
20.0	17.5_25.0	7	Northern Baltic Proper	1.75	0.64	22.0	3.24	0.6			17.5	25.0	0.0	4.52
20.0	17.5_25.0	8	Northern Baltic Proper	1.64	0.71	18.0	3.9	0.8			17.5	25.0	0.0	5.32
20.0	17.5_25.0	9	Northern Baltic Proper	2.28	0.63	20.0	3.9	0.9			17.5	25.0	0.0	5.16
20.0	17.5_25.0	11	Northern Baltic Proper	1.72	0.94	31.0	4.5	0.1			17.5	25.0	0.0	6.38
20.0	17.5_25.0	12	Northern Baltic Proper	0.68	0.37	30.0	2.0	0.1			17.5	25.0	0.0	2.74
30.0	25.0_35.0	11	Northern Baltic Proper	1.44	0.77	22.0	3.2	0.1			25.0	35.0	0.0	4.74
30.0	25.0_35.0	12	Northern Baltic Proper	0.72	0.29	21.0	1.3	0.3			25.0	35.0	0.0	1.88
40.0	35.0_45.0	11	Northern Baltic Proper	0.93	0.71	22.0	2.6	0.1			35.0	45.0	0.0	4.02
40.0	35.0_45.0	12	Northern Baltic Proper	0.73	0.25	19.0	1.2	0.3			35.0	45.0	0.0	1.7
50.0	45.0_55.0	11	Northern Baltic Proper	0.6	0.65	22.0	2.4	0.1			45.0	55.0	0.0	3.7
50.0	45.0_55.0	12	Northern Baltic Proper	0.62	0.34	21.0	1.3	0.1			45.0	55.0	0.0	1.98
0.0	0_5.0	1	Skagerrak	0.85	1.49	149.0	12.8	0.1			0.0	5.0	0.0	15.78
0.0	0_5.0	2	Skagerrak	3.57	4.77	117.0	20.7	0.1			0.0	5.0	0.0	30.24
0.0	0_5.0	3	Skagerrak	3.78	3.57	111.0	17.7	0.2			0.0	5.0	0.0	24.84
0.0	0_5.0	4	Skagerrak	1.84	2.1	126.0	19.0	0.1			0.0	5.0	0.0	23.2
0.0	0_5.0	5	Skagerrak	1.65	1.08	182.0	6.7	0.36			0.0	5.0	0.0	8.86
0.0	0_5.0	6	Skagerrak	1.2	0.95	95.0	6.4	0.1			0.0	5.0	0.0	8.3
0.0	0_5.0	7	Skagerrak	0.84	0.87	98.0	6.0	0.1			0.0	5.0	0.0	7.74
0.0	0_5.0	8	Skagerrak	1.12	0.97	126.0	6.1	0.1			0.0	5.0	0.0	8.04
0.0	0_5.0	9	Skagerrak	1.47	1.66	106.0	13.7	0.2			0.0	5.0	0.0	17.02
0.0	0_5.0	10	Skagerrak	2.67	2.61	88.0	21.8	0.5			0.0	5.0	0.0	27.02
0.0	0_5.0	11	Skagerrak	1.98	1.09	89.0	6.9	0.4			0.0	5.0	0.0	9.08
0.0	0_5.0	12	Skagerrak	1.55	4.24	100.0	42.7	0.1			0.0	5.0	0.0	51.18
10.0	5.0_20.0	1	Skagerrak	0.72	1.06	153.0	9.23	0.1			5.0	20.0	0.0	11.35
10.0	5.0_20.0	2	Skagerrak	2.04	2.77	116.0	14.03	0.1			5.0	20.0	0.0	19.57
10.0	5.0_20.0	3	Skagerrak	4.04	3.71	108.0	19.97	0.6			5.0	20.0	0.0	27.39
10.0	5.0_20.0	4	Skagerrak	2.09	1.81	128.0	15.0	0.13			5.0	20.0	0.0	18.62
10.0	5.0_20.0	5	Skagerrak	2.02	1.11	176.0	5.62	0.34			5.0	20.0	0.0	7.84
10.0	5.0_20.0	6	Skagerrak	1.86	1.09	91.0	4.8	0.37			5.0	20.0	0.0	6.98
10.0	5.0_20.0	7	Skagerrak	1.37	1.35	98.0	9.28	0.13			5.0	20.0	0.0	11.98
10.0	5.0_20.0	8	Skagerrak	1.54	1.19	126.0	7.5	0.23			5.0	20.0	0.0	9.88
10.0	5.0_20.0	9	Skagerrak	1.43	1.02	105.0	8.47	0.23			5.0	20.0	0.0	10.51
10.0	5.0_20.0	10	Skagerrak	1.84	0.97	86.0	5.0	0.37			5.0	20.0	0.0	6.94
10.0	5.0_20.0	11	Skagerrak	1.56	0.73	91.0	4.1	0.43			5.0	20.0	0.0	5.56
10.0	5.0_20.0	12	Skagerrak	0.85	0.68	100.0	5.9	0.1			5.0	20.0	0.0	7.26
30.0	20.0_45.0	1	Skagerrak	0.37	0.19	153.0	1.1	0.1			20.0	45.0	0.0	1.48
30.0	20.0_45.0	2	Skagerrak	0.87	1.67	115.0	11.8	0.1			20.0	45.0	0.0	15.14
30.0	20.0_45.0	3	Skagerrak	2.21	2.6	110.0	13.5	0.1			20.0	45.0	0.0	18.7
30.0	20.0_45.0	4	Skagerrak	1.59	1.97	113.0	10.0	0.23			20.0	45.0	0.0	13.94
30.0	20.0_45.0	5	Skagerrak	1.47	1.7	152.0	14.94	0.1			20.0	45.0	0.0	18.34
30.0	20.0_45.0	6	Skagerrak	1.79	1.62	93.0	7.6	0.17			20.0	45.0	0.0	10.84
30.0	20.0_45.0	7	Skagerrak	1.46	1.4	98.0	12.6	0.3			20.0	45.0	0.0	15.4
30.0	20.0_45.0	8	Skagerrak	1.48	1.15	114.0	8.8	0.23			20.0	45.0	0.0	11.1
30.0	20.0_45.0	9	Skagerrak	1.23	1.25	105.0	7.9	0.2			20.0	45.0	0.0	10.4
30.0	20.0_45.0	10	Skagerrak	0.93	0.75	86.0	3.6	0.1			20.0	45.0	0.0	5.1
30.0	20.0_45.0	11	Skagerrak	0.81	0.5	91.0	2.23	0.1			20.0	45.0	0.0	3.23
30.0	20.0_45.0	12	Skagerrak	0.43	0.23	100.0	1.03	0.1			20.0	45.0	0.0	1.49
60.0	45.0_67.5	1	Skagerrak	0.3	0.19	96.0	1.0	0.1			45.0	67.5	0.0	1.38
60.0	45.0_67.5	2	Skagerrak	0.43	0.67	75.0	5.2	0.1			45.0	67.5	0.0	6.54
60.0	45.0_67.5	3	Skagerrak	0.7	0.78	63.0	4.2	0.1			45.0	67.5	0.0	5.76
60.0	45.0_67.5	4	Skagerrak	0.65	1.06	75.0	6.5	0.1			45.0	67.5	0.0	8.62
60.0	45.0_67.5	5	Skagerrak	0.74	0.93	86.0	4.9	0.1			45.0	67.5	0.0	6.76
60.0	45.0_67.5	6	Skagerrak	0.86	1.29	63.0	8.4	0.1			45.0	67.5	0.0	10.98
60.0	45.0_67.5	7	Skagerrak	0.59	0.54	65.0	2.6	0.1			45.0	67.5	0.0	3.68
60.0	45.0_67.5	8	Skagerrak	0.73	1.43	76.0	12.2	0.1			45.0	67.5	0.0	15.06
60.0	45.0_67.5	9	Skagerrak	0.45	0.4	66.0	1.9	0.1			45.0	67.5	0.0	2.7
60.0	45.0_67.5	10	Skagerrak	0.51	0.58	67.0	2.6	0.1			45.0	67.5	0.0	3.76
60.0	45.0_67.5	11	Skagerrak	0.68	0.91	63.0	6.4	0.1			45.0	67.5	0.0	8.22
60.0	45.0_67.5	12	Skagerrak	0.4	0.23	70.0	1.1	0.1			45.0	67.5	0.0	1.56
0.0	0_2.5	1	The Sound	0.7	0.27	42.0	1.4	0.25			0.0	2.5	0.0	1.94
0.0	0_2.5	2	The Sound	1.01	1.09	32.0	4.99	0.17			0.0	2.5	0.0	7.17
0.0	0_2.5	3	The Sound	3.88	3.57	34.0	13.2	0.5			0.0	2.5	0.0	20.34
0.0	0_2.5	4	The Sound	1.26	0.76	35.0	4.16	0.2			0.0	2.5	0.0	5.68
0.0	0_2.5	5	The Sound	1.14	0.53	29.0	2.4	0.29			0.0	2.5	0.0	3.46
0.0	0_2.5	6	The Sound	1.36	0.78	34.0	4.6	0.4			0.0	2.5	0.0	6.16
0.0	0_2.5	7	The Sound	1.53	0.83	33.0	5.1	0.5			0.0	2.5	0.0	6.76
0.0	0_2.5	8	The Sound	2.58	2.16	32.0	13.1	0.3			0.0	2.5	0.0	17.42
0.0	0_2.5	9	The Sound	1.89	0.8	34.0	4.4	0.4			0.0	2.5	0.0	6.0
0.0	0_2.5	10	The Sound	2.56	1.62	33.0	7.6	0.2			0.0	2.5	0.0	10.84
0.0	0_2.5	11	The Sound	1.9	1.11	34.0	4.2	0.5			0.0	2.5	0.0	6.42
0.0	0_2.5	12	The Sound	1.19	0.74	36.0	4.1	0.2			0.0	2.5	0.0	5.58
5.0	2.5_7.5	1	The Sound	0.76	0.52	42.0	3.0	0.23			2.5	7.5	0.0	4.04
5.0	2.5_7.5	2	The Sound	1.59	2.59	33.0	13.61	0.2			2.5	7.5	0.0	18.79
5.0	2.5_7.5	3	The Sound	4.05	3.49	34.0	12.15	0.55			2.5	7.5	0.0	19.13
5.0	2.5_7.5	4	The Sound	1.26	0.76	35.0	4.64	0.2			2.5	7.5	0.0	6.16
5.0	2.5_7.5	5	The Sound	1.27	0.56	30.0	2.65	0.4			2.5	7.5	0.0	3.77
5.0	2.5_7.5	6	The Sound	1.4	0.78	34.0	4.5	0.3			2.5	7.5	0.0	6.06
5.0	2.5_7.5	7	The Sound	1.53	0.79	33.0	4.8	0.6			2.5	7.5	0.0	6.38
5.0	2.5_7.5	8	The Sound	2.63	1.54	32.0	9.55	0.9			2.5	7.5	0.0	12.63
5.0	2.5_7.5	9	The Sound	2.04	0.69	34.0	3.7	0.5			2.5	7.5	0.0	5.08
5.0	2.5_7.5	10	The Sound	2.4	1.29	32.0	5.2	0.2			2.5	7.5	0.0	7.78
5.0	2.5_7.5	11	The Sound	2.02	1.18	34.0	5.0	0.7			2.5	7.5	0.0	7.36
5.0	2.5_7.5	12	The Sound	1.11	0.6	35.0	3.05	0.2			2.5	7.5	0.0	4.25
10.0	7.5_12.5	1	The Sound	0.68	0.53	42.0	2.6	0.1			7.5	12.5	0.0	3.66
10.0	7.5_12.5	2	The Sound	1.58	2.31	32.0	8.3	0.1			7.5	12.5	0.0	12.92
10.0	7.5_12.5	3	The Sound	4.08	5.13	33.0	29.4	0.6			7.5	12.5	0.0	39.66
10.0	7.5_12.5	4	The Sound	1.68	1.59	34.0	7.35	0.3			7.5	12.5	0.0	10.53
10.0	7.5_12.5	5	The Sound	2.0	1.5	30.0	7.7	0.4			7.5	12.5	0.0	10.7
10.0	7.5_12.5	6	The Sound	2.12	1.39	31.0	7.1	0.2			7.5	12.5	0.0	9.88
10.0	7.5_12.5	7	The Sound	1.93	0.84	32.0	4.2	0.9			7.5	12.5	0.0	5.88
10.0	7.5_12.5	8	The Sound	2.18	0.97	30.0	4.53	0.2			7.5	12.5	0.0	6.47
10.0	7.5_12.5	9	The Sound	1.99	1.01	33.0	5.4	0.9			7.5	12.5	0.0	7.42
10.0	7.5_12.5	10	The Sound	1.71	1.22	32.0	5.4	0.1			7.5	12.5	0.0	7.84
10.0	7.5_12.5	11	The Sound	1.5	0.79	34.0	3.4	0.2			7.5	12.5	0.0	4.98
10.0	7.5_12.5	12	The Sound	0.87	0.58	35.0	2.9	0.1			7.5	12.5	0.0	4.06
15.0	12.5_17.5	1	The Sound	0.5	0.48	37.0	2.2	0.1			12.5	17.5	0.0	3.16
15.0	12.5_17.5	2	The Sound	1.07	1.13	32.0	4.13	0.13			12.5	17.5	0.0	6.39
15.0	12.5_17.5	3	The Sound	2.06	1.91	33.0	7.0	0.1			12.5	17.5	0.0	10.82
15.0	12.5_17.5	4	The Sound	1.68	2.23	33.0	12.7	0.2			12.5	17.5	0.0	17.16
15.0	12.5_17.5	5	The Sound	3.57	7.31	30.0	39.8	0.2			12.5	17.5	0.0	54.42
15.0	12.5_17.5	6	The Sound	2.56	1.91	32.0	7.7	0.3			12.5	17.5	0.0	11.52
15.0	12.5_17.5	7	The Sound	2.1	1.58	31.0	6.8	0.6			12.5	17.5	0.0	9.96
15.0	12.5_17.5	8	The Sound	1.73	1.53	30.0	6.3	0.1			12.5	17.5	0.0	9.36
15.0	12.5_17.5	9	The Sound	1.25	0.74	32.0	3.06	0.2			12.5	17.5	0.0	4.54
15.0	12.5_17.5	10	The Sound	1.0	0.86	32.0	3.6	0.1			12.5	17.5	0.0	5.32
15.0	12.5_17.5	11	The Sound	0.9	0.72	34.0	3.0	0.1			12.5	17.5	0.0	4.44
15.0	12.5_17.5	12	The Sound	0.54	0.43	34.0	2.3	0.1			12.5	17.5	0.0	3.16
20.0	17.5_22.5	1	The Sound	0.41	0.42	32.0	2.3	0.1			17.5	22.5	0.0	3.14
20.0	17.5_22.5	2	The Sound	0.68	0.66	31.0	2.73	0.1			17.5	22.5	0.0	4.05
20.0	17.5_22.5	3	The Sound	1.5	1.23	33.0	5.2	0.2			17.5	22.5	0.0	7.66
20.0	17.5_22.5	4	The Sound	1.01	0.94	34.0	5.0	0.1			17.5	22.5	0.0	6.88
20.0	17.5_22.5	5	The Sound	2.0	2.57	30.0	9.5	0.2			17.5	22.5	0.0	14.64
20.0	17.5_22.5	6	The Sound	1.97	2.18	31.0	7.8	0.1			17.5	22.5	0.0	12.16
20.0	17.5_22.5	7	The Sound	2.17	2.58	30.0	10.0	0.5			17.5	22.5	0.0	15.16
20.0	17.5_22.5	8	The Sound	1.07	1.22	31.0	5.16	0.1			17.5	22.5	0.0	7.6
20.0	17.5_22.5	9	The Sound	0.83	0.57	32.0	2.15	0.1			17.5	22.5	0.0	3.29
20.0	17.5_22.5	10	The Sound	0.7	0.58	33.0	2.9	0.1			17.5	22.5	0.0	4.06
20.0	17.5_22.5	11	The Sound	0.63	0.49	34.0	2.4	0.1			17.5	22.5	0.0	3.38
20.0	17.5_22.5	12	The Sound	0.44	0.33	34.0	1.4	0.1			17.5	22.5	0.0	2.06
25.0	22.5_27.5	1	The Sound	0.47	0.49	16.0	2.0	0.1			22.5	27.5	0.0	2.98
25.0	22.5_27.5	3	The Sound	1.19	1.38	16.0	5.6	0.2			22.5	27.5	0.0	8.36
25.0	22.5_27.5	4	The Sound	1.03	1.4	18.0	5.9	0.1			22.5	27.5	0.0	8.7
25.0	22.5_27.5	6	The Sound	2.19	2.62	16.0	8.4	0.4			22.5	27.5	0.0	13.64
25.0	22.5_27.5	7	The Sound	2.21	2.76	16.0	9.4	0.4			22.5	27.5	0.0	14.92
25.0	22.5_27.5	9	The Sound	0.71	0.51	18.0	2.0	0.2			22.5	27.5	0.0	3.02
25.0	22.5_27.5	10	The Sound	0.55	0.46	17.0	2.0	0.2			22.5	27.5	0.0	2.92
25.0	22.5_27.5	11	The Sound	0.57	0.5	18.0	2.3	0.1			22.5	27.5	0.0	3.3
25.0	22.5_27.5	12	The Sound	0.51	0.37	18.0	1.3	0.1			22.5	27.5	0.0	2.04
30.0	27.5_35.0	4	The Sound	0.88	1.07	18.0	4.0	0.1			27.5	35.0	0.0	6.14
30.0	27.5_35.0	7	The Sound	2.06	2.72	16.0	10.0	0.4			27.5	35.0	0.0	15.44
30.0	27.5_35.0	9	The Sound	0.63	0.49	18.0	1.9	0.2			27.5	35.0	0.0	2.88
30.0	27.5_35.0	10	The Sound	0.54	0.43	18.0	2.0	0.1			27.5	35.0	0.0	2.86
30.0	27.5_35.0	11	The Sound	0.47	0.23	17.0	1.0	0.1			27.5	35.0	0.0	1.46
30.0	27.5_35.0	12	The Sound	0.57	0.39	16.0	1.4	0.3			27.5	35.0	0.0	2.18
40.0	35.0_45.0	1	The Sound	0.46	0.46	16.0	1.9	0.1			35.0	45.0	0.0	2.82
40.0	35.0_45.0	3	The Sound	1.12	1.45	16.0	5.1	0.3			35.0	45.0	0.0	8.0
40.0	35.0_45.0	4	The Sound	0.8	1.07	18.0	4.3	0.1			35.0	45.0	0.0	6.44
40.0	35.0_45.0	6	The Sound	1.92	2.29	16.0	7.2	0.3			35.0	45.0	0.0	11.78
40.0	35.0_45.0	7	The Sound	1.76	2.35	16.0	8.1	0.4			35.0	45.0	0.0	12.8
40.0	35.0_45.0	9	The Sound	0.56	0.45	17.0	2.1	0.2			35.0	45.0	0.0	3.0
40.0	35.0_45.0	10	The Sound	0.49	0.37	18.0	1.8	0.1			35.0	45.0	0.0	2.54
40.0	35.0_45.0	11	The Sound	0.44	0.23	17.0	1.0	0.1			35.0	45.0	0.0	1.46
40.0	35.0_45.0	12	The Sound	0.56	0.39	17.0	1.5	0.2			35.0	45.0	0.0	2.28
0.0	0_2.5	1	Western Gotland Basin	0.41	0.32	57.0	1.9	0.1			0.0	2.5	0.0	2.54
0.0	0_2.5	2	Western Gotland Basin	0.45	0.26	53.0	1.5	0.1			0.0	2.5	0.0	2.02
0.0	0_2.5	3	Western Gotland Basin	1.45	1.23	73.0	6.42	0.1			0.0	2.5	0.0	8.88
0.0	0_2.5	4	Western Gotland Basin	5.5	4.44	73.0	28.4	0.6			0.0	2.5	0.0	37.28
0.0	0_2.5	5	Western Gotland Basin	2.57	1.45	64.0	9.1	0.9			0.0	2.5	0.0	12.0
0.0	0_2.5	6	Western Gotland Basin	2.33	1.22	70.0	6.38	0.5			0.0	2.5	0.0	8.82
0.0	0_2.5	7	Western Gotland Basin	3.35	1.16	70.0	6.2	1.3			0.0	2.5	0.0	8.52
0.0	0_2.5	8	Western Gotland Basin	2.69	0.89	67.0	5.4	0.9			0.0	2.5	0.0	7.18
0.0	0_2.5	9	Western Gotland Basin	2.56	0.95	66.0	5.2	0.3			0.0	2.5	0.0	7.1
0.0	0_2.5	10	Western Gotland Basin	2.59	0.84	68.0	4.87	0.88			0.0	2.5	0.0	6.55
0.0	0_2.5	11	Western Gotland Basin	2.06	1.07	72.0	5.6	0.3			0.0	2.5	0.0	7.74
0.0	0_2.5	12	Western Gotland Basin	1.11	0.89	62.0	4.2	0.1			0.0	2.5	0.0	5.98
5.0	2.5_7.5	1	Western Gotland Basin	0.42	0.37	58.0	2.4	0.1			2.5	7.5	0.0	3.14
5.0	2.5_7.5	2	Western Gotland Basin	0.46	0.26	53.0	1.5	0.1			2.5	7.5	0.0	2.02
5.0	2.5_7.5	3	Western Gotland Basin	1.47	1.47	73.0	8.86	0.1			2.5	7.5	0.0	11.8
5.0	2.5_7.5	4	Western Gotland Basin	5.6	4.71	73.0	29.3	0.7			2.5	7.5	0.0	38.72
5.0	2.5_7.5	5	Western Gotland Basin	2.79	1.52	66.0	8.6	1.0			2.5	7.5	0.0	11.64
5.0	2.5_7.5	6	Western Gotland Basin	2.45	1.34	70.0	7.59	0.2			2.5	7.5	0.0	10.27
5.0	2.5_7.5	7	Western Gotland Basin	3.29	1.04	70.0	6.2	1.4			2.5	7.5	0.0	8.28
5.0	2.5_7.5	8	Western Gotland Basin	2.71	0.84	68.0	5.1	0.3			2.5	7.5	0.0	6.78
5.0	2.5_7.5	9	Western Gotland Basin	2.52	0.82	65.0	4.1	0.3			2.5	7.5	0.0	5.74
5.0	2.5_7.5	10	Western Gotland Basin	2.64	0.91	68.0	5.38	1.2			2.5	7.5	0.0	7.2
5.0	2.5_7.5	11	Western Gotland Basin	2.1	1.11	72.0	5.9	0.4			2.5	7.5	0.0	8.12
5.0	2.5_7.5	12	Western Gotland Basin	1.07	0.84	61.0	4.3	0.15			2.5	7.5	0.0	5.98
10.0	7.5_12.5	1	Western Gotland Basin	0.4	0.29	57.0	2.0	0.1			7.5	12.5	0.0	2.58
10.0	7.5_12.5	2	Western Gotland Basin	0.45	0.25	53.0	1.5	0.1			7.5	12.5	0.0	2.0
10.0	7.5_12.5	3	Western Gotland Basin	1.3	1.13	73.0	5.49	0.1			7.5	12.5	0.0	7.75
10.0	7.5_12.5	4	Western Gotland Basin	4.51	2.68	73.0	19.8	0.3			7.5	12.5	0.0	25.16
10.0	7.5_12.5	5	Western Gotland Basin	2.58	1.21	66.0	8.5	1.2			7.5	12.5	0.0	10.92
10.0	7.5_12.5	6	Western Gotland Basin	2.56	1.39	70.0	9.5	0.3			7.5	12.5	0.0	12.28
10.0	7.5_12.5	7	Western Gotland Basin	3.12	0.91	70.0	5.6	1.27			7.5	12.5	0.0	7.42
10.0	7.5_12.5	8	Western Gotland Basin	2.66	0.88	68.0	5.2	0.9			7.5	12.5	0.0	6.96
10.0	7.5_12.5	9	Western Gotland Basin	2.42	0.94	66.0	5.9	0.3			7.5	12.5	0.0	7.78
10.0	7.5_12.5	10	Western Gotland Basin	2.57	0.91	67.0	6.1	1.17			7.5	12.5	0.0	7.92
10.0	7.5_12.5	11	Western Gotland Basin	2.05	1.14	73.0	6.1	0.3			7.5	12.5	0.0	8.38
10.0	7.5_12.5	12	Western Gotland Basin	1.05	0.84	61.0	4.2	0.1			7.5	12.5	0.0	5.88
15.0	12.5_17.5	1	Western Gotland Basin	0.37	0.28	57.0	1.9	0.1			12.5	17.5	0.0	2.46
15.0	12.5_17.5	2	Western Gotland Basin	0.41	0.25	53.0	1.5	0.1			12.5	17.5	0.0	2.0
15.0	12.5_17.5	3	Western Gotland Basin	1.13	0.91	71.0	4.3	0.1			12.5	17.5	0.0	6.12
15.0	12.5_17.5	4	Western Gotland Basin	3.72	2.2	73.0	15.2	0.4			12.5	17.5	0.0	19.6
15.0	12.5_17.5	5	Western Gotland Basin	2.19	1.38	66.0	9.17	0.6			12.5	17.5	0.0	11.93
15.0	12.5_17.5	6	Western Gotland Basin	2.37	1.49	70.0	10.9	0.3			12.5	17.5	0.0	13.88
15.0	12.5_17.5	7	Western Gotland Basin	2.4	0.85	70.0	5.1	1.1			12.5	17.5	0.0	6.8
15.0	12.5_17.5	8	Western Gotland Basin	2.08	0.73	68.0	4.5	0.54			12.5	17.5	0.0	5.96
15.0	12.5_17.5	9	Western Gotland Basin	2.1	0.77	66.0	3.8	0.2			12.5	17.5	0.0	5.34
15.0	12.5_17.5	10	Western Gotland Basin	2.4	0.93	68.0	5.1	0.7			12.5	17.5	0.0	6.96
15.0	12.5_17.5	11	Western Gotland Basin	1.94	1.07	72.0	5.7	0.4			12.5	17.5	0.0	7.84
15.0	12.5_17.5	12	Western Gotland Basin	1.05	0.88	62.0	4.4	0.1			12.5	17.5	0.0	6.16
20.0	17.5_25.0	1	Western Gotland Basin	0.39	0.36	58.0	2.0	0.1			17.5	25.0	0.0	2.72
20.0	17.5_25.0	2	Western Gotland Basin	0.37	0.26	53.0	1.4	0.1			17.5	25.0	0.0	1.92
20.0	17.5_25.0	3	Western Gotland Basin	1.02	0.88	71.0	5.2	0.1			17.5	25.0	0.0	6.96
20.0	17.5_25.0	4	Western Gotland Basin	3.05	1.91	72.0	9.0	0.3			17.5	25.0	0.0	12.82
20.0	17.5_25.0	5	Western Gotland Basin	1.74	1.34	65.0	9.4	0.2			17.5	25.0	0.0	12.08
20.0	17.5_25.0	6	Western Gotland Basin	1.62	1.34	70.0	10.5	0.1			17.5	25.0	0.0	13.18
20.0	17.5_25.0	7	Western Gotland Basin	1.42	0.6	70.0	3.8	0.4			17.5	25.0	0.0	5.0
20.0	17.5_25.0	8	Western Gotland Basin	1.23	0.59	68.0	3.5	0.3			17.5	25.0	0.0	4.68
20.0	17.5_25.0	9	Western Gotland Basin	1.47	0.78	66.0	3.9	0.1			17.5	25.0	0.0	5.46
20.0	17.5_25.0	10	Western Gotland Basin	2.15	0.91	68.0	4.8	0.2			17.5	25.0	0.0	6.62
20.0	17.5_25.0	11	Western Gotland Basin	1.85	1.17	73.0	6.4	0.3			17.5	25.0	0.0	8.74
20.0	17.5_25.0	12	Western Gotland Basin	0.96	0.76	62.0	4.2	0.1			17.5	25.0	0.0	5.72
30.0	25.0_35.0	1	Western Gotland Basin	0.4	0.34	41.0	1.6	0.1			25.0	35.0	0.0	2.28
30.0	25.0_35.0	2	Western Gotland Basin	0.36	0.22	42.0	1.2	0.1			25.0	35.0	0.0	1.64
30.0	25.0_35.0	3	Western Gotland Basin	0.71	0.56	57.0	2.7	0.1			25.0	35.0	0.0	3.82
30.0	25.0_35.0	4	Western Gotland Basin	2.06	1.59	60.0	7.8	0.4			25.0	35.0	0.0	10.98
30.0	25.0_35.0	5	Western Gotland Basin	0.68	0.52	57.0	3.4	0.1			25.0	35.0	0.0	4.44
30.0	25.0_35.0	6	Western Gotland Basin	0.54	0.36	58.0	2.0	0.1			25.0	35.0	0.0	2.72
30.0	25.0_35.0	7	Western Gotland Basin	0.5	0.22	60.0	1.2	0.1			25.0	35.0	0.0	1.64
30.0	25.0_35.0	8	Western Gotland Basin	0.49	0.2	54.0	1.14	0.1			25.0	35.0	0.0	1.54
30.0	25.0_35.0	9	Western Gotland Basin	0.53	0.39	57.0	2.48	0.2			25.0	35.0	0.0	3.26
30.0	25.0_35.0	10	Western Gotland Basin	1.11	0.9	57.0	4.1	0.1			25.0	35.0	0.0	5.9
30.0	25.0_35.0	11	Western Gotland Basin	1.62	1.18	58.0	5.3	0.1			25.0	35.0	0.0	7.66
30.0	25.0_35.0	12	Western Gotland Basin	1.02	0.85	47.0	4.5	0.1			25.0	35.0	0.0	6.2
40.0	35.0_45.0	1	Western Gotland Basin	0.38	0.37	38.0	1.8	0.1			35.0	45.0	0.0	2.54
40.0	35.0_45.0	2	Western Gotland Basin	0.31	0.25	40.0	1.4	0.1			35.0	45.0	0.0	1.9
40.0	35.0_45.0	3	Western Gotland Basin	0.49	0.36	52.0	2.4	0.1			35.0	45.0	0.0	3.12
40.0	35.0_45.0	4	Western Gotland Basin	1.45	1.48	56.0	7.6	0.3			35.0	45.0	0.0	10.56
40.0	35.0_45.0	5	Western Gotland Basin	0.52	0.48	53.0	2.8	0.1			35.0	45.0	0.0	3.76
40.0	35.0_45.0	6	Western Gotland Basin	0.31	0.28	54.0	2.0	0.1			35.0	45.0	0.0	2.56
40.0	35.0_45.0	7	Western Gotland Basin	0.28	0.14	57.0	0.6	0.1			35.0	45.0	0.0	0.88
40.0	35.0_45.0	8	Western Gotland Basin	0.29	0.15	50.0	0.8	0.1			35.0	45.0	0.0	1.1
40.0	35.0_45.0	9	Western Gotland Basin	0.29	0.16	55.0	0.9	0.1			35.0	45.0	0.0	1.22
40.0	35.0_45.0	10	Western Gotland Basin	0.4	0.51	55.0	2.8	0.1			35.0	45.0	0.0	3.82
40.0	35.0_45.0	11	Western Gotland Basin	0.91	1.02	56.0	5.7	0.1			35.0	45.0	0.0	7.74
40.0	35.0_45.0	12	Western Gotland Basin	0.8	0.7	45.0	3.6	0.1			35.0	45.0	0.0	5.0
50.0	45.0_55.0	1	Western Gotland Basin	0.32	0.31	39.0	1.7	0.1			45.0	55.0	0.0	2.32
50.0	45.0_55.0	2	Western Gotland Basin	0.26	0.25	39.0	1.5	0.1			45.0	55.0	0.0	2.0
50.0	45.0_55.0	3	Western Gotland Basin	0.36	0.23	53.0	1.3	0.1			45.0	55.0	0.0	1.76
50.0	45.0_55.0	4	Western Gotland Basin	0.86	1.0	55.0	6.8	0.1			45.0	55.0	0.0	8.8
50.0	45.0_55.0	5	Western Gotland Basin	0.48	0.72	53.0	5.1	0.1			45.0	55.0	0.0	6.54
50.0	45.0_55.0	6	Western Gotland Basin	0.24	0.15	53.0	0.62	0.1			45.0	55.0	0.0	0.92
50.0	45.0_55.0	7	Western Gotland Basin	0.23	0.14	57.0	0.7	0.1			45.0	55.0	0.0	0.98
50.0	45.0_55.0	8	Western Gotland Basin	0.24	0.14	50.0	0.5	0.1			45.0	55.0	0.0	0.78
50.0	45.0_55.0	9	Western Gotland Basin	0.24	0.14	55.0	0.5	0.1			45.0	55.0	0.0	0.78
50.0	45.0_55.0	10	Western Gotland Basin	0.27	0.26	54.0	1.8	0.1			45.0	55.0	0.0	2.32
50.0	45.0_55.0	11	Western Gotland Basin	0.32	0.2	57.0	1.0	0.1			45.0	55.0	0.0	1.4
50.0	45.0_55.0	12	Western Gotland Basin	0.41	0.37	46.0	2.3	0.1			45.0	55.0	0.0	3.04
60.0	55.0_65.0	3	Western Gotland Basin	0.34	0.15	29.0	0.5	0.07			55.0	65.0	0.0	0.8
60.0	55.0_65.0	4	Western Gotland Basin	0.55	0.36	29.0	1.66	0.11			55.0	65.0	0.0	2.38
60.0	55.0_65.0	5	Western Gotland Basin	0.43	0.21	29.0	1.04	0.2			55.0	65.0	0.0	1.46
60.0	55.0_65.0	6	Western Gotland Basin	0.33	0.14	28.0	0.5	0.2			55.0	65.0	0.0	0.78
60.0	55.0_65.0	7	Western Gotland Basin	0.32	0.15	28.0	0.5	0.12			55.0	65.0	0.0	0.8
60.0	55.0_65.0	8	Western Gotland Basin	0.31	0.15	28.0	0.5	0.08			55.0	65.0	0.0	0.8
60.0	55.0_65.0	9	Western Gotland Basin	0.31	0.15	27.0	0.5	0.09			55.0	65.0	0.0	0.8
60.0	55.0_65.0	10	Western Gotland Basin	0.32	0.16	27.0	0.5	0.07			55.0	65.0	0.0	0.82
80.0	75.0_85.0	3	Western Gotland Basin	0.32	0.16	29.0	0.5	0.03			75.0	85.0	0.0	0.82
80.0	75.0_85.0	4	Western Gotland Basin	0.34	0.14	29.0	0.5	0.18			75.0	85.0	0.0	0.78
80.0	75.0_85.0	5	Western Gotland Basin	0.36	0.16	29.0	0.67	0.09			75.0	85.0	0.0	0.99
80.0	75.0_85.0	6	Western Gotland Basin	0.32	0.15	28.0	0.5	0.13			75.0	85.0	0.0	0.8
80.0	75.0_85.0	7	Western Gotland Basin	0.31	0.15	28.0	0.5	0.06			75.0	85.0	0.0	0.8
80.0	75.0_85.0	8	Western Gotland Basin	0.32	0.15	28.0	0.5	0.09			75.0	85.0	0.0	0.8
80.0	75.0_85.0	9	Western Gotland Basin	0.31	0.15	27.0	0.5	0.07			75.0	85.0	0.0	0.8
80.0	75.0_85.0	10	Western Gotland Basin	0.32	0.16	27.0	0.5	0.05			75.0	85.0	0.0	0.82
