depth	depth_interval	month	sea_basin	mean	std	count	max	min	95p	5p	min_depth	max_depth	min_range_value	max_range_value
5.0	2.5_7.5	4	12n	0.36	0.09	17.0	0.54	0.3			2.5	7.5	0.12	0.72
5.0	2.5_7.5	5	12n	0.4	0.27	17.0	1.44	0.3			2.5	7.5	0.0	1.98
5.0	2.5_7.5	6	12n	0.78	1.93	23.0	9.59	0.3			2.5	7.5	0.0	13.45
5.0	2.5_7.5	7	12n	0.74	2.01	26.0	10.6	0.3			2.5	7.5	0.0	14.62
5.0	2.5_7.5	8	12n	1.29	2.72	26.0	12.8	0.3			2.5	7.5	0.0	18.24
5.0	2.5_7.5	9	12n	0.32	0.04	17.0	0.47	0.3			2.5	7.5	0.22	0.55
10.0	7.5_12.5	2	12n	49.0	92.19	21.0	264.0	0.29			7.5	12.5	0.0	448.38
10.0	7.5_12.5	3	12n	11.68	33.35	27.0	125.65	0.3			7.5	12.5	0.0	192.35
10.0	7.5_12.5	4	12n	44.97	108.6	38.0	577.45	0.3			7.5	12.5	0.0	794.65
10.0	7.5_12.5	5	12n	24.66	52.6	38.0	206.5	0.3			7.5	12.5	0.0	311.7
10.0	7.5_12.5	6	12n	43.87	81.28	60.0	387.0	0.3			7.5	12.5	0.0	549.56
10.0	7.5_12.5	7	12n	74.0	107.85	95.0	673.69	0.3			7.5	12.5	0.0	889.39
10.0	7.5_12.5	8	12n	114.53	139.37	98.0	860.01	0.3			7.5	12.5	0.0	1138.75
10.0	7.5_12.5	9	12n	107.69	136.18	72.0	681.61	0.3			7.5	12.5	0.0	953.97
10.0	7.5_12.5	10	12n	130.47	151.78	56.0	722.4	0.3			7.5	12.5	0.0	1025.96
10.0	7.5_12.5	11	12n	97.74	127.79	35.0	444.24	0.29			7.5	12.5	0.0	699.82
15.0	12.5_17.5	2	12n	250.02	382.47	20.0	1352.7	0.31			12.5	17.5	0.0	2117.64
15.0	12.5_17.5	4	12n	258.89	356.34	21.0	1204.0	0.3			12.5	17.5	0.0	1916.68
15.0	12.5_17.5	5	12n	101.57	108.32	26.0	332.0	0.3			12.5	17.5	0.0	548.64
15.0	12.5_17.5	6	12n	187.4	260.6	37.0	1385.5	0.31			12.5	17.5	0.0	1906.7
15.0	12.5_17.5	7	12n	234.08	233.91	58.0	1509.9	0.31			12.5	17.5	0.0	1977.72
15.0	12.5_17.5	8	12n	286.72	231.55	60.0	1082.0	0.31			12.5	17.5	0.0	1545.1
15.0	12.5_17.5	9	12n	362.19	300.32	45.0	1797.2	0.31			12.5	17.5	0.0	2397.84
15.0	12.5_17.5	10	12n	403.85	292.42	44.0	1170.2	0.3			12.5	17.5	0.0	1755.04
15.0	12.5_17.5	11	12n	399.19	341.59	43.0	1092.1	0.3			12.5	17.5	0.0	1775.28
20.0	17.5_22.5	7	12n	63.72	108.44	19.0	421.0	0.31			17.5	22.5	0.0	637.88
20.0	17.5_22.5	8	12n	80.19	63.16	25.0	240.0	0.31			17.5	22.5	0.0	366.32
25.0	22.5_27.5	7	12n	99.22	128.96	32.0	500.0	0.31			22.5	27.5	0.0	757.92
25.0	22.5_27.5	8	12n	108.82	137.22	43.0	606.0	0.31			22.5	27.5	0.0	880.44
20.0	17.5_22.5	9	2	19.68	24.16	18.0	95.3	0.0			17.5	22.5	0.0	143.62
20.0	17.5_22.5	10	2	30.59	29.37	20.0	98.4	0.0			17.5	22.5	0.0	157.14
20.0	17.5_22.5	11	2	15.79	13.06	23.0	54.0	0.0			17.5	22.5	0.0	80.12
20.0	17.5_22.5	12	2	22.51	32.68	18.0	120.0	0.0			17.5	22.5	0.0	185.36
30.0	27.5_35.0	1	2	76.08	59.45	23.0	171.0	0.0			27.5	35.0	0.0	289.9
30.0	27.5_35.0	2	2	80.32	53.25	23.0	187.0	0.0			27.5	35.0	0.0	293.5
30.0	27.5_35.0	3	2	66.98	54.12	26.0	184.4	0.0			27.5	35.0	0.0	292.64
30.0	27.5_35.0	4	2	60.96	50.9	28.0	160.0	0.0			27.5	35.0	0.0	261.8
30.0	27.5_35.0	5	2	64.96	55.5	26.0	180.0	0.0			27.5	35.0	0.0	291.0
30.0	27.5_35.0	6	2	66.94	57.67	25.0	193.0	0.0			27.5	35.0	0.0	308.34
30.0	27.5_35.0	7	2	64.72	57.41	23.0	200.0	1.0			27.5	35.0	0.0	314.82
30.0	27.5_35.0	8	2	66.23	59.78	33.0	197.0	0.0			27.5	35.0	0.0	316.56
30.0	27.5_35.0	9	2	55.19	53.38	33.0	192.0	0.0			27.5	35.0	0.0	298.76
30.0	27.5_35.0	10	2	63.53	54.59	37.0	188.0	0.0			27.5	35.0	0.0	297.18
30.0	27.5_35.0	11	2	64.54	55.95	39.0	191.0	0.0			27.5	35.0	0.0	302.9
30.0	27.5_35.0	12	2	70.22	56.72	32.0	161.0	0.0			27.5	35.0	0.0	274.44
40.0	35.0_45.0	1	2	95.97	70.29	26.0	239.5	0.0			35.0	45.0	0.0	380.08
40.0	35.0_45.0	2	2	108.84	70.44	25.0	258.0	0.0			35.0	45.0	0.0	398.88
40.0	35.0_45.0	3	2	85.83	68.56	29.0	228.0	0.0			35.0	45.0	0.0	365.12
40.0	35.0_45.0	4	2	88.64	71.55	28.0	242.5	0.0			35.0	45.0	0.0	385.6
40.0	35.0_45.0	5	2	95.58	67.08	28.0	220.5	0.0			35.0	45.0	0.0	354.66
40.0	35.0_45.0	6	2	98.64	81.68	27.0	245.0	0.0			35.0	45.0	0.0	408.36
40.0	35.0_45.0	7	2	98.11	80.61	27.0	246.0	1.0			35.0	45.0	0.0	407.22
40.0	35.0_45.0	8	2	104.76	79.14	35.0	278.25	1.0			35.0	45.0	0.0	436.53
40.0	35.0_45.0	9	2	85.53	72.64	37.0	219.0	0.0			35.0	45.0	0.0	364.28
40.0	35.0_45.0	10	2	86.8	79.11	46.0	300.0	0.0			35.0	45.0	0.0	458.22
40.0	35.0_45.0	11	2	85.44	75.57	47.0	256.5	0.0			35.0	45.0	0.0	407.64
40.0	35.0_45.0	12	2	81.08	76.49	42.0	300.0	0.0			35.0	45.0	0.0	452.98
10.0	7.5_12.5	6	24	54.79	51.3	28.0	194.0	1.47			7.5	12.5	0.0	296.6
10.0	7.5_12.5	7	24	67.83	76.12	37.0	353.0	0.59			7.5	12.5	0.0	505.24
10.0	7.5_12.5	8	24	82.02	91.17	56.0	469.47	3.1			7.5	12.5	0.0	651.81
10.0	7.5_12.5	9	24	89.93	83.35	30.0	374.0	0.59			7.5	12.5	0.0	540.7
10.0	7.5_12.5	10	24	146.42	139.88	24.0	462.87	0.29			7.5	12.5	0.0	742.63
15.0	12.5_17.5	4	24	252.72	346.86	20.0	1203.0	2.93			12.5	17.5	0.0	1896.72
15.0	12.5_17.5	6	24	159.2	142.96	47.0	563.0	2.9			12.5	17.5	0.0	848.92
15.0	12.5_17.5	7	24	187.44	188.69	51.0	762.89	1.5			12.5	17.5	0.0	1140.27
15.0	12.5_17.5	8	24	215.26	202.47	70.0	968.29	1.9			12.5	17.5	0.0	1373.23
15.0	12.5_17.5	9	24	283.8	205.53	39.0	1060.0	23.47			12.5	17.5	0.0	1471.06
15.0	12.5_17.5	10	24	350.79	262.75	34.0	1261.7	3.1			12.5	17.5	0.0	1787.2
15.0	12.5_17.5	11	24	190.28	136.16	18.0	483.0	0.88			12.5	17.5	0.0	755.32
20.0	17.5_22.5	6	24	333.55	319.09	21.0	1070.0	2.9			17.5	22.5	0.0	1708.18
20.0	17.5_22.5	7	24	269.22	230.16	43.0	880.26	0.6			17.5	22.5	0.0	1340.58
20.0	17.5_22.5	8	24	276.92	232.31	48.0	859.72	3.3			17.5	22.5	0.0	1324.34
20.0	17.5_22.5	9	24	321.73	251.63	34.0	812.77	0.29			17.5	22.5	0.0	1316.03
20.0	17.5_22.5	10	24	335.01	265.17	27.0	880.26	0.73			17.5	22.5	0.0	1410.6
20.0	17.5_22.5	11	24	347.42	256.58	21.0	1012.3	0.29			17.5	22.5	0.0	1525.46
25.0	22.5_27.5	4	24	322.02	272.09	17.0	858.0	1.17			22.5	27.5	0.0	1402.18
25.0	22.5_27.5	6	24	389.91	337.15	21.0	1135.0	20.54			22.5	27.5	0.0	1809.3
25.0	22.5_27.5	7	24	286.3	286.35	46.0	1103.3	1.2			22.5	27.5	0.0	1676.0
25.0	22.5_27.5	8	24	257.5	267.56	52.0	988.83	0.29			22.5	27.5	0.0	1523.95
25.0	22.5_27.5	9	24	211.81	254.42	62.0	850.92	2.64			22.5	27.5	0.0	1359.76
25.0	22.5_27.5	10	24	251.92	262.1	47.0	938.94	2.93			22.5	27.5	0.0	1463.14
25.0	22.5_27.5	11	24	305.81	264.24	32.0	1059.3	3.1			22.5	27.5	0.0	1587.78
30.0	27.5_35.0	8	24	96.5	85.33	17.0	278.0	3.1			27.5	35.0	0.0	448.66
80.0	75.0_85.0	7	Bornholm Basin	21.21	16.79	17.0	51.0	0.0			75.0	85.0	0.0	84.58
80.0	75.0_85.0	8	Bornholm Basin	15.28	13.31	30.0	45.0	0.0			75.0	85.0	0.0	71.62
80.0	75.0_85.0	9	Bornholm Basin	17.67	13.45	23.0	43.0	0.0			75.0	85.0	0.0	69.9
80.0	75.0_85.0	10	Bornholm Basin	13.77	13.75	26.0	47.0	0.0			75.0	85.0	0.0	74.5
80.0	75.0_85.0	11	Bornholm Basin	13.58	12.16	24.0	44.0	0.0			75.0	85.0	0.0	68.32
90.0	85.0_95.0	6	Bornholm Basin	15.58	17.5	16.0	63.0	0.0			85.0	95.0	0.0	98.0
90.0	85.0_95.0	7	Bornholm Basin	13.75	15.83	25.0	61.0	0.0			85.0	95.0	0.0	92.66
90.0	85.0_95.0	8	Bornholm Basin	20.91	18.71	27.0	70.0	2.0			85.0	95.0	0.0	107.42
90.0	85.0_95.0	9	Bornholm Basin	19.84	17.2	28.0	58.5	1.5			85.0	95.0	0.0	92.9
90.0	85.0_95.0	10	Bornholm Basin	22.87	17.28	25.0	61.0	0.0			85.0	95.0	0.0	95.56
90.0	85.0_95.0	11	Bornholm Basin	19.31	16.81	21.0	63.5	1.0			85.0	95.0	0.0	97.12
90.0	85.0_95.0	12	Bornholm Basin	7.69	10.45	16.0	35.0	0.0			85.0	95.0	0.0	55.9
80.0	75.0_85.0	10	Eastern Gotland Basin	5.41	5.76	35.0	23.0	0.0			75.0	85.0	0.0	40.28
80.0	75.0_85.0	11	Eastern Gotland Basin	3.74	5.27	23.0	25.0	0.0			75.0	85.0	0.0	40.81
90.0	85.0_95.0	2	Eastern Gotland Basin	5.12	6.49	17.0	22.0	0.0			85.0	95.0	0.0	41.47
90.0	85.0_95.0	9	Eastern Gotland Basin	6.08	6.73	18.0	25.0	0.0			85.0	95.0	0.0	45.19
90.0	85.0_95.0	10	Eastern Gotland Basin	5.2	4.65	46.0	24.0	0.0			85.0	95.0	0.0	37.95
90.0	85.0_95.0	11	Eastern Gotland Basin	5.61	6.12	28.0	24.0	0.0			85.0	95.0	0.0	42.36
90.0	85.0_95.0	12	Eastern Gotland Basin	5.18	4.08	17.0	13.0	0.0			85.0	95.0	0.0	25.24
100.0	95.0_112.5	1	Eastern Gotland Basin	5.55	5.85	17.0	25.0	0.0			95.0	112.5	0.0	42.55
100.0	95.0_112.5	2	Eastern Gotland Basin	3.5	4.85	22.0	21.0	0.0			95.0	112.5	0.0	35.55
100.0	95.0_112.5	3	Eastern Gotland Basin	3.83	5.42	18.0	19.0	0.0			95.0	112.5	0.0	35.26
100.0	95.0_112.5	7	Eastern Gotland Basin	2.17	1.91	18.0	4.5	0.0			95.0	112.5	0.0	10.23
100.0	95.0_112.5	9	Eastern Gotland Basin	3.54	3.42	17.0	11.0	0.0			95.0	112.5	0.0	21.26
100.0	95.0_112.5	10	Eastern Gotland Basin	5.55	4.79	39.0	24.0	0.0			95.0	112.5	0.0	38.37
100.0	95.0_112.5	11	Eastern Gotland Basin	4.41	5.34	27.0	22.0	0.0			95.0	112.5	0.0	38.02
100.0	95.0_112.5	12	Eastern Gotland Basin	6.23	6.12	23.0	20.0	0.0			95.0	112.5	0.0	38.36
125.0	112.5_137.5	1	Eastern Gotland Basin	12.68	12.68	60.0	53.83	0.0			112.5	137.5	0.0	91.87
125.0	112.5_137.5	2	Eastern Gotland Basin	10.02	10.03	59.0	44.0	0.0			112.5	137.5	0.0	74.09
125.0	112.5_137.5	3	Eastern Gotland Basin	10.88	9.48	59.0	52.0	0.0			112.5	137.5	0.0	80.44
125.0	112.5_137.5	4	Eastern Gotland Basin	10.94	13.35	43.0	74.0	0.0			112.5	137.5	0.0	114.05
125.0	112.5_137.5	5	Eastern Gotland Basin	11.52	11.38	30.0	39.0	0.0			112.5	137.5	0.0	73.14
125.0	112.5_137.5	6	Eastern Gotland Basin	11.42	13.3	37.0	61.0	0.0			112.5	137.5	0.0	100.9
125.0	112.5_137.5	7	Eastern Gotland Basin	12.88	11.01	40.0	39.0	0.0			112.5	137.5	0.0	72.03
125.0	112.5_137.5	8	Eastern Gotland Basin	10.66	11.15	40.0	45.0	0.0			112.5	137.5	0.0	78.45
125.0	112.5_137.5	9	Eastern Gotland Basin	9.66	9.19	37.0	35.0	0.0			112.5	137.5	0.0	62.57
125.0	112.5_137.5	10	Eastern Gotland Basin	12.13	11.69	56.0	47.0	0.0			112.5	137.5	0.0	82.07
125.0	112.5_137.5	11	Eastern Gotland Basin	12.71	14.59	48.0	87.5	0.0			112.5	137.5	0.0	131.27
125.0	112.5_137.5	12	Eastern Gotland Basin	10.88	9.18	43.0	35.0	0.0			112.5	137.5	0.0	62.54
150.0	137.5_162.5	1	Eastern Gotland Basin	31.38	21.02	82.0	88.53	0.0			137.5	162.5	0.0	151.59
150.0	137.5_162.5	2	Eastern Gotland Basin	28.89	19.52	59.0	81.0	0.0			137.5	162.5	0.0	139.56
150.0	137.5_162.5	3	Eastern Gotland Basin	30.94	19.29	67.0	79.0	0.4			137.5	162.5	0.0	136.87
150.0	137.5_162.5	4	Eastern Gotland Basin	29.0	21.02	56.0	84.0	0.0			137.5	162.5	0.0	147.06
150.0	137.5_162.5	5	Eastern Gotland Basin	29.0	21.16	52.0	87.0	0.0			137.5	162.5	0.0	150.48
150.0	137.5_162.5	6	Eastern Gotland Basin	28.19	20.37	54.0	88.0	0.0			137.5	162.5	0.0	149.11
150.0	137.5_162.5	7	Eastern Gotland Basin	28.45	20.25	59.0	71.0	0.0			137.5	162.5	0.0	131.75
150.0	137.5_162.5	8	Eastern Gotland Basin	33.26	20.94	61.0	79.0	0.0			137.5	162.5	0.0	141.82
150.0	137.5_162.5	9	Eastern Gotland Basin	30.17	21.67	52.0	98.0	0.0			137.5	162.5	0.0	163.01
150.0	137.5_162.5	10	Eastern Gotland Basin	29.95	21.17	70.0	93.0	0.0			137.5	162.5	0.0	156.51
150.0	137.5_162.5	11	Eastern Gotland Basin	35.02	23.54	70.0	120.0	4.0			137.5	162.5	0.0	190.62
150.0	137.5_162.5	12	Eastern Gotland Basin	29.3	18.26	57.0	81.0	0.0			137.5	162.5	0.0	135.78
175.0	162.5_187.5	1	Eastern Gotland Basin	36.2	24.15	51.0	88.9	0.0			162.5	187.5	0.0	161.35
175.0	162.5_187.5	2	Eastern Gotland Basin	40.64	26.14	39.0	103.0	0.0			162.5	187.5	0.0	181.42
175.0	162.5_187.5	3	Eastern Gotland Basin	45.04	25.53	48.0	128.0	0.0			162.5	187.5	0.0	204.59
175.0	162.5_187.5	4	Eastern Gotland Basin	39.81	23.45	41.0	85.0	0.0			162.5	187.5	0.0	155.35
175.0	162.5_187.5	5	Eastern Gotland Basin	43.42	23.94	37.0	94.0	4.0			162.5	187.5	0.0	165.82
175.0	162.5_187.5	6	Eastern Gotland Basin	41.55	22.99	40.0	88.0	4.0			162.5	187.5	0.0	156.97
175.0	162.5_187.5	7	Eastern Gotland Basin	43.31	27.88	42.0	104.0	1.0			162.5	187.5	0.0	187.64
175.0	162.5_187.5	8	Eastern Gotland Basin	51.85	27.06	43.0	120.0	4.0			162.5	187.5	0.0	201.18
175.0	162.5_187.5	9	Eastern Gotland Basin	45.92	26.61	35.0	114.2	4.0			162.5	187.5	0.0	194.03
175.0	162.5_187.5	10	Eastern Gotland Basin	42.32	25.41	45.0	106.0	0.0			162.5	187.5	0.0	182.23
175.0	162.5_187.5	11	Eastern Gotland Basin	45.81	26.09	49.0	90.0	1.0			162.5	187.5	0.0	168.27
175.0	162.5_187.5	12	Eastern Gotland Basin	37.21	24.14	44.0	86.0	4.0			162.5	187.5	0.0	158.42
200.0	187.5_212.5	1	Eastern Gotland Basin	37.98	27.41	46.0	90.0	0.0			187.5	212.5	0.0	172.23
200.0	187.5_212.5	2	Eastern Gotland Basin	49.76	31.53	39.0	117.0	0.0			187.5	212.5	0.0	211.59
200.0	187.5_212.5	3	Eastern Gotland Basin	52.13	34.06	48.0	155.0	0.0			187.5	212.5	0.0	257.18
200.0	187.5_212.5	4	Eastern Gotland Basin	51.31	30.2	41.0	123.0	0.0			187.5	212.5	0.0	213.6
200.0	187.5_212.5	5	Eastern Gotland Basin	50.63	29.3	37.0	114.0	0.0			187.5	212.5	0.0	201.9
200.0	187.5_212.5	6	Eastern Gotland Basin	51.59	25.38	37.0	91.0	4.0			187.5	212.5	0.0	167.14
200.0	187.5_212.5	7	Eastern Gotland Basin	52.77	32.18	41.0	116.0	2.83			187.5	212.5	0.0	212.54
200.0	187.5_212.5	8	Eastern Gotland Basin	57.12	31.48	40.0	133.0	4.0			187.5	212.5	0.0	227.44
200.0	187.5_212.5	9	Eastern Gotland Basin	50.2	32.69	37.0	121.0	3.33			187.5	212.5	0.0	219.07
200.0	187.5_212.5	10	Eastern Gotland Basin	47.86	30.33	40.0	134.0	0.0			187.5	212.5	0.0	224.99
200.0	187.5_212.5	11	Eastern Gotland Basin	50.76	32.68	50.0	120.0	0.0			187.5	212.5	0.0	218.04
200.0	187.5_212.5	12	Eastern Gotland Basin	42.23	31.14	45.0	95.0	0.0			187.5	212.5	0.0	188.42
225.0	212.5_237.5	1	Eastern Gotland Basin	46.31	39.16	23.0	127.0	0.0			212.5	237.5	0.0	244.48
225.0	212.5_237.5	3	Eastern Gotland Basin	70.6	35.21	21.0	120.0	1.4			212.5	237.5	0.0	225.63
225.0	212.5_237.5	4	Eastern Gotland Basin	52.97	38.09	21.0	127.0	3.86			212.5	237.5	0.0	241.27
225.0	212.5_237.5	5	Eastern Gotland Basin	58.93	37.81	17.0	114.0	0.0			212.5	237.5	0.0	227.43
225.0	212.5_237.5	6	Eastern Gotland Basin	66.36	37.49	18.0	116.0	3.0			212.5	237.5	0.0	228.47
225.0	212.5_237.5	7	Eastern Gotland Basin	64.01	50.19	22.0	149.0	0.0			212.5	237.5	0.0	299.57
225.0	212.5_237.5	8	Eastern Gotland Basin	68.34	47.54	21.0	147.0	5.0			212.5	237.5	0.0	289.62
225.0	212.5_237.5	9	Eastern Gotland Basin	61.73	44.06	21.0	146.5	7.0			212.5	237.5	0.0	278.68
225.0	212.5_237.5	10	Eastern Gotland Basin	64.31	47.53	21.0	162.0	3.0			212.5	237.5	0.0	304.59
225.0	212.5_237.5	11	Eastern Gotland Basin	69.55	46.15	25.0	172.0	0.0			212.5	237.5	0.0	310.45
225.0	212.5_237.5	12	Eastern Gotland Basin	58.08	44.45	22.0	132.0	4.0			212.5	237.5	0.0	265.35
250.0	237.5_262.5	1	Eastern Gotland Basin	53.2	41.3	16.0	126.0	0.0			237.5	262.5	0.0	249.9
250.0	237.5_262.5	8	Eastern Gotland Basin	82.52	48.1	17.0	162.0	14.3			237.5	262.5	0.0	306.3
80.0	75.0_85.0	10	Northern Baltic Proper	10.27	8.78	38.0	31.0	0.0			75.0	85.0	0.0	57.34
90.0	85.0_95.0	2	Northern Baltic Proper	4.74	4.16	19.0	15.0	0.0			85.0	95.0	0.0	27.48
90.0	85.0_95.0	10	Northern Baltic Proper	11.59	9.61	50.0	33.0	0.0			85.0	95.0	0.0	61.83
100.0	95.0_112.5	2	Northern Baltic Proper	6.67	6.05	29.0	20.0	0.0			95.0	112.5	0.0	38.15
100.0	95.0_112.5	3	Northern Baltic Proper	6.33	7.5	17.0	27.3	0.0			95.0	112.5	0.0	49.8
100.0	95.0_112.5	7	Northern Baltic Proper	6.59	8.35	18.0	31.8	0.0			95.0	112.5	0.0	56.85
100.0	95.0_112.5	8	Northern Baltic Proper	10.73	8.42	16.0	30.4	2.1			95.0	112.5	0.0	55.66
100.0	95.0_112.5	9	Northern Baltic Proper	10.46	7.43	16.0	33.1	3.1			95.0	112.5	0.0	55.39
100.0	95.0_112.5	10	Northern Baltic Proper	15.05	9.37	55.0	35.0	0.0			95.0	112.5	0.0	63.11
100.0	95.0_112.5	11	Northern Baltic Proper	16.53	9.83	19.0	36.0	0.0			95.0	112.5	0.0	65.49
100.0	95.0_112.5	12	Northern Baltic Proper	11.7	6.61	20.0	25.0	2.0			95.0	112.5	0.0	44.83
125.0	112.5_137.5	1	Northern Baltic Proper	11.18	8.46	17.0	27.0	0.0			112.5	137.5	0.0	52.38
125.0	112.5_137.5	2	Northern Baltic Proper	10.71	8.01	46.0	30.0	0.0			112.5	137.5	0.0	54.03
125.0	112.5_137.5	3	Northern Baltic Proper	9.57	7.59	27.0	28.3	0.0			112.5	137.5	0.0	51.07
125.0	112.5_137.5	6	Northern Baltic Proper	12.43	11.0	16.0	46.0	0.0			112.5	137.5	0.0	79.0
125.0	112.5_137.5	7	Northern Baltic Proper	14.17	8.27	20.0	32.0	0.0			112.5	137.5	0.0	56.81
125.0	112.5_137.5	8	Northern Baltic Proper	16.24	10.26	18.0	33.0	0.0			112.5	137.5	0.0	63.78
125.0	112.5_137.5	9	Northern Baltic Proper	16.99	10.64	18.0	36.0	0.6			112.5	137.5	0.0	67.92
125.0	112.5_137.5	10	Northern Baltic Proper	19.65	8.8	44.0	38.0	4.0			112.5	137.5	0.0	64.4
125.0	112.5_137.5	11	Northern Baltic Proper	23.09	10.95	23.0	47.0	0.0			112.5	137.5	0.0	79.85
125.0	112.5_137.5	12	Northern Baltic Proper	17.87	9.28	23.0	34.0	0.0			112.5	137.5	0.0	61.84
150.0	137.5_162.5	1	Northern Baltic Proper	14.39	8.56	18.0	31.0	1.0			137.5	162.5	0.0	56.68
150.0	137.5_162.5	2	Northern Baltic Proper	14.55	8.44	33.0	33.0	0.0			137.5	162.5	0.0	58.32
150.0	137.5_162.5	3	Northern Baltic Proper	12.37	7.62	25.0	28.3	0.0			137.5	162.5	0.0	51.16
150.0	137.5_162.5	5	Northern Baltic Proper	10.53	8.86	16.0	31.27	0.0			137.5	162.5	0.0	57.85
150.0	137.5_162.5	6	Northern Baltic Proper	12.82	9.6	16.0	34.4	0.0			137.5	162.5	0.0	63.2
150.0	137.5_162.5	7	Northern Baltic Proper	16.39	9.3	19.0	31.6	0.0			137.5	162.5	0.0	59.5
150.0	137.5_162.5	8	Northern Baltic Proper	18.93	10.46	17.0	37.5	0.0			137.5	162.5	0.0	68.88
150.0	137.5_162.5	9	Northern Baltic Proper	20.26	11.09	16.0	36.3	0.4			137.5	162.5	0.0	69.57
150.0	137.5_162.5	10	Northern Baltic Proper	20.77	9.34	24.0	35.0	4.0			137.5	162.5	0.0	63.02
150.0	137.5_162.5	11	Northern Baltic Proper	22.03	10.57	21.0	38.0	0.0			137.5	162.5	0.0	69.71
150.0	137.5_162.5	12	Northern Baltic Proper	19.95	9.54	21.0	33.0	0.0			137.5	162.5	0.0	61.62
175.0	162.5_187.5	1	Northern Baltic Proper	14.84	8.91	19.0	34.0	0.0			162.5	187.5	0.0	60.73
175.0	162.5_187.5	2	Northern Baltic Proper	15.97	9.26	29.0	32.5	0.0			162.5	187.5	0.0	60.28
175.0	162.5_187.5	3	Northern Baltic Proper	15.95	7.98	22.0	30.8	0.0			162.5	187.5	0.0	54.74
175.0	162.5_187.5	4	Northern Baltic Proper	11.97	8.73	16.0	26.0	0.0			162.5	187.5	0.0	52.19
175.0	162.5_187.5	5	Northern Baltic Proper	14.85	9.38	16.0	35.3	0.0			162.5	187.5	0.0	63.44
175.0	162.5_187.5	6	Northern Baltic Proper	17.5	10.39	17.0	31.7	0.0			162.5	187.5	0.0	62.87
175.0	162.5_187.5	7	Northern Baltic Proper	20.5	11.39	19.0	35.85	0.0			162.5	187.5	0.0	70.02
175.0	162.5_187.5	8	Northern Baltic Proper	22.66	10.9	16.0	39.75	0.0			162.5	187.5	0.0	72.45
175.0	162.5_187.5	9	Northern Baltic Proper	24.29	12.09	17.0	40.2	0.4			162.5	187.5	0.0	76.47
175.0	162.5_187.5	11	Northern Baltic Proper	23.91	11.45	20.0	41.0	0.0			162.5	187.5	0.0	75.35
175.0	162.5_187.5	12	Northern Baltic Proper	21.85	10.91	20.0	36.0	0.0			162.5	187.5	0.0	68.73
70.0	65.0_75.0	10	Western Gotland Basin	11.55	12.18	56.0	49.0	0.0			65.0	75.0	0.0	85.54
70.0	65.0_75.0	11	Western Gotland Basin	12.21	12.31	24.0	46.0	0.0			65.0	75.0	0.0	82.93
80.0	75.0_85.0	5	Western Gotland Basin	4.92	5.04	22.0	23.0	0.0			75.0	85.0	0.0	38.12
80.0	75.0_85.0	6	Western Gotland Basin	7.63	7.57	28.0	32.0	0.0			75.0	85.0	0.0	54.71
80.0	75.0_85.0	7	Western Gotland Basin	9.97	7.79	32.0	28.0	0.0			75.0	85.0	0.0	51.37
80.0	75.0_85.0	8	Western Gotland Basin	10.8	7.59	35.0	30.0	0.0			75.0	85.0	0.0	52.77
80.0	75.0_85.0	9	Western Gotland Basin	15.1	11.58	37.0	47.0	0.0			75.0	85.0	0.0	81.74
80.0	75.0_85.0	10	Western Gotland Basin	15.77	12.19	122.0	56.0	0.0			75.0	85.0	0.0	92.57
80.0	75.0_85.0	11	Western Gotland Basin	14.53	12.37	57.0	48.0	0.0			75.0	85.0	0.0	85.11
80.0	75.0_85.0	12	Western Gotland Basin	12.7	10.84	23.0	43.0	0.0			75.0	85.0	0.0	75.52
90.0	85.0_95.0	1	Western Gotland Basin	8.0	8.32	23.0	28.0	0.0			85.0	95.0	0.0	52.96
90.0	85.0_95.0	2	Western Gotland Basin	8.07	9.4	30.0	37.0	0.0			85.0	95.0	0.0	65.2
90.0	85.0_95.0	3	Western Gotland Basin	5.82	7.41	29.0	38.0	0.0			85.0	95.0	0.0	60.23
90.0	85.0_95.0	4	Western Gotland Basin	7.31	6.81	32.0	31.0	0.0			85.0	95.0	0.0	51.43
90.0	85.0_95.0	5	Western Gotland Basin	10.9	8.92	35.0	38.0	0.0			85.0	95.0	0.0	64.76
90.0	85.0_95.0	6	Western Gotland Basin	12.91	8.57	42.0	33.0	0.0			85.0	95.0	0.0	58.71
90.0	85.0_95.0	7	Western Gotland Basin	15.16	9.49	44.0	36.0	1.2			85.0	95.0	0.0	64.47
90.0	85.0_95.0	8	Western Gotland Basin	16.33	11.18	49.0	46.0	0.0			85.0	95.0	0.0	79.54
90.0	85.0_95.0	9	Western Gotland Basin	20.01	12.88	47.0	47.5	0.0			85.0	95.0	0.0	86.14
90.0	85.0_95.0	10	Western Gotland Basin	21.97	13.17	135.0	57.0	0.0			85.0	95.0	0.0	96.51
90.0	85.0_95.0	11	Western Gotland Basin	18.57	12.12	66.0	52.0	0.0			85.0	95.0	0.0	88.36
90.0	85.0_95.0	12	Western Gotland Basin	19.66	10.9	32.0	43.0	0.0			85.0	95.0	0.0	75.7
100.0	95.0_112.5	1	Western Gotland Basin	11.17	9.04	29.0	32.5	0.0			95.0	112.5	0.0	59.62
100.0	95.0_112.5	2	Western Gotland Basin	10.13	9.4	58.0	37.5	0.0			95.0	112.5	0.0	65.7
100.0	95.0_112.5	3	Western Gotland Basin	9.15	8.74	56.0	41.5	0.0			95.0	112.5	0.0	67.72
100.0	95.0_112.5	4	Western Gotland Basin	11.41	8.91	44.0	42.0	0.0			95.0	112.5	0.0	68.73
100.0	95.0_112.5	5	Western Gotland Basin	16.14	12.63	46.0	57.0	0.0			95.0	112.5	0.0	94.89
100.0	95.0_112.5	6	Western Gotland Basin	18.32	11.79	49.0	53.0	0.0			95.0	112.5	0.0	88.37
100.0	95.0_112.5	7	Western Gotland Basin	18.62	12.06	52.0	47.0	0.5			95.0	112.5	0.0	83.18
100.0	95.0_112.5	8	Western Gotland Basin	20.21	13.54	53.0	63.5	0.0			95.0	112.5	0.0	104.12
100.0	95.0_112.5	9	Western Gotland Basin	23.33	13.21	52.0	59.25	0.4			95.0	112.5	0.0	98.88
100.0	95.0_112.5	10	Western Gotland Basin	23.09	12.37	127.0	52.0	0.4			95.0	112.5	0.0	89.11
100.0	95.0_112.5	11	Western Gotland Basin	21.28	12.28	77.0	65.0	0.0			95.0	112.5	0.0	101.84
100.0	95.0_112.5	12	Western Gotland Basin	19.3	13.21	42.0	55.0	0.0			95.0	112.5	0.0	94.63
125.0	112.5_137.5	1	Western Gotland Basin	11.94	8.65	34.0	32.0	0.0			112.5	137.5	0.0	57.95
125.0	112.5_137.5	2	Western Gotland Basin	12.8	8.16	45.0	36.0	0.0			112.5	137.5	0.0	60.48
125.0	112.5_137.5	3	Western Gotland Basin	10.69	8.19	42.0	30.0	0.0			112.5	137.5	0.0	54.57
125.0	112.5_137.5	4	Western Gotland Basin	12.48	7.32	33.0	30.0	0.45			112.5	137.5	0.0	51.96
125.0	112.5_137.5	5	Western Gotland Basin	14.02	7.6	34.0	37.0	0.4			112.5	137.5	0.0	59.8
125.0	112.5_137.5	6	Western Gotland Basin	16.43	8.25	35.0	34.2	0.0			112.5	137.5	0.0	58.95
125.0	112.5_137.5	7	Western Gotland Basin	16.29	8.54	36.0	40.0	1.45			112.5	137.5	0.0	65.62
125.0	112.5_137.5	8	Western Gotland Basin	17.28	10.03	37.0	37.0	0.0			112.5	137.5	0.0	67.09
125.0	112.5_137.5	9	Western Gotland Basin	19.79	8.14	37.0	39.0	3.1			112.5	137.5	0.0	63.42
125.0	112.5_137.5	10	Western Gotland Basin	21.96	10.04	76.0	46.0	1.0			112.5	137.5	0.0	76.12
125.0	112.5_137.5	11	Western Gotland Basin	18.89	9.64	41.0	38.0	0.0			112.5	137.5	0.0	66.92
125.0	112.5_137.5	12	Western Gotland Basin	18.09	9.67	33.0	40.0	2.0			112.5	137.5	0.0	69.01
150.0	137.5_162.5	1	Western Gotland Basin	16.25	8.44	32.0	36.0	1.0			137.5	162.5	0.0	61.32
150.0	137.5_162.5	2	Western Gotland Basin	14.21	8.87	49.0	38.0	0.0			137.5	162.5	0.0	64.61
150.0	137.5_162.5	3	Western Gotland Basin	13.24	8.24	42.0	34.0	0.0			137.5	162.5	0.0	58.72
150.0	137.5_162.5	4	Western Gotland Basin	15.47	8.19	34.0	34.0	0.23			137.5	162.5	0.0	58.57
150.0	137.5_162.5	5	Western Gotland Basin	17.01	10.49	33.0	58.0	0.2			137.5	162.5	0.0	89.47
150.0	137.5_162.5	6	Western Gotland Basin	16.89	9.59	36.0	39.0	0.0			137.5	162.5	0.0	67.77
150.0	137.5_162.5	7	Western Gotland Basin	16.95	8.83	37.0	37.0	0.2			137.5	162.5	0.0	63.49
150.0	137.5_162.5	8	Western Gotland Basin	18.75	9.92	36.0	41.0	0.0			137.5	162.5	0.0	70.76
150.0	137.5_162.5	9	Western Gotland Basin	21.32	9.41	36.0	49.0	1.6			137.5	162.5	0.0	77.23
150.0	137.5_162.5	10	Western Gotland Basin	21.29	9.51	70.0	44.0	0.0			137.5	162.5	0.0	72.53
150.0	137.5_162.5	11	Western Gotland Basin	20.74	9.16	42.0	40.0	3.5			137.5	162.5	0.0	67.48
150.0	137.5_162.5	12	Western Gotland Basin	19.29	9.96	34.0	43.0	3.0			137.5	162.5	0.0	72.88
175.0	162.5_187.5	1	Western Gotland Basin	18.03	8.72	33.0	38.0	2.0			162.5	187.5	0.0	64.16
175.0	162.5_187.5	2	Western Gotland Basin	16.17	9.63	38.0	43.0	0.0			162.5	187.5	0.0	71.89
175.0	162.5_187.5	3	Western Gotland Basin	15.99	9.2	41.0	40.0	0.0			162.5	187.5	0.0	67.6
175.0	162.5_187.5	4	Western Gotland Basin	15.98	8.92	36.0	38.0	2.05			162.5	187.5	0.0	64.76
175.0	162.5_187.5	5	Western Gotland Basin	17.94	12.68	37.0	67.0	0.0			162.5	187.5	0.0	105.04
175.0	162.5_187.5	6	Western Gotland Basin	16.99	8.85	33.0	37.0	0.0			162.5	187.5	0.0	63.55
175.0	162.5_187.5	7	Western Gotland Basin	18.01	9.63	37.0	45.0	0.0			162.5	187.5	0.0	73.89
175.0	162.5_187.5	8	Western Gotland Basin	19.28	10.84	37.0	47.0	0.0			162.5	187.5	0.0	79.52
175.0	162.5_187.5	9	Western Gotland Basin	22.29	9.74	36.0	44.0	1.1			162.5	187.5	0.0	73.22
175.0	162.5_187.5	10	Western Gotland Basin	22.35	9.17	56.0	43.0	1.9			162.5	187.5	0.0	70.51
175.0	162.5_187.5	11	Western Gotland Basin	22.54	8.9	41.0	42.0	4.5			162.5	187.5	0.0	68.7
175.0	162.5_187.5	12	Western Gotland Basin	20.63	9.37	35.0	44.0	3.0			162.5	187.5	0.0	72.11
200.0	187.5_212.5	1	Western Gotland Basin	19.94	9.02	33.0	41.0	4.0			187.5	212.5	0.0	68.06
200.0	187.5_212.5	2	Western Gotland Basin	22.08	8.25	26.0	43.0	8.0			187.5	212.5	0.0	67.75
200.0	187.5_212.5	3	Western Gotland Basin	20.03	8.85	34.0	40.0	3.75			187.5	212.5	0.0	66.55
200.0	187.5_212.5	4	Western Gotland Basin	17.84	10.21	36.0	46.0	1.37			187.5	212.5	0.0	76.63
200.0	187.5_212.5	5	Western Gotland Basin	18.3	13.23	35.0	69.0	0.0			187.5	212.5	0.0	108.69
200.0	187.5_212.5	6	Western Gotland Basin	19.0	9.46	35.0	42.0	0.0			187.5	212.5	0.0	70.38
200.0	187.5_212.5	7	Western Gotland Basin	18.26	10.11	37.0	46.0	0.0			187.5	212.5	0.0	76.33
200.0	187.5_212.5	8	Western Gotland Basin	19.28	11.14	38.0	48.0	0.0			187.5	212.5	0.0	81.42
200.0	187.5_212.5	9	Western Gotland Basin	22.84	9.66	36.0	43.0	0.4			187.5	212.5	0.0	71.98
200.0	187.5_212.5	10	Western Gotland Basin	23.63	9.47	46.0	43.0	0.9			187.5	212.5	0.0	71.41
200.0	187.5_212.5	11	Western Gotland Basin	23.77	9.52	40.0	47.0	4.0			187.5	212.5	0.0	75.56
200.0	187.5_212.5	12	Western Gotland Basin	22.26	9.33	35.0	48.0	7.0			187.5	212.5	0.0	75.99
225.0	212.5_237.5	1	Western Gotland Basin	17.12	7.35	17.0	28.0	5.0			212.5	237.5	0.0	50.05
225.0	212.5_237.5	11	Western Gotland Basin	19.1	7.06	20.0	31.0	3.5			212.5	237.5	0.0	52.18
225.0	212.5_237.5	12	Western Gotland Basin	19.28	7.14	18.0	35.0	8.0			212.5	237.5	0.0	56.42
250.0	237.5_275.0	1	Western Gotland Basin	16.59	6.86	17.0	27.0	5.0			237.5	275.0	0.0	47.58
250.0	237.5_275.0	3	Western Gotland Basin	19.28	8.29	19.0	35.1	0.0			237.5	275.0	0.0	59.97
250.0	237.5_275.0	4	Western Gotland Basin	16.07	10.67	17.0	37.6	0.0			237.5	275.0	0.0	69.61
250.0	237.5_275.0	5	Western Gotland Basin	13.73	9.06	17.0	30.87	0.0			237.5	275.0	0.0	58.05
250.0	237.5_275.0	6	Western Gotland Basin	14.1	7.21	16.0	27.55	0.0			237.5	275.0	0.0	49.18
250.0	237.5_275.0	7	Western Gotland Basin	12.81	7.88	19.0	31.15	0.0			237.5	275.0	0.0	54.79
250.0	237.5_275.0	8	Western Gotland Basin	14.73	7.91	19.0	30.75	0.0			237.5	275.0	0.0	54.48
250.0	237.5_275.0	9	Western Gotland Basin	16.7	7.95	19.0	32.05	0.2			237.5	275.0	0.0	55.9
250.0	237.5_275.0	10	Western Gotland Basin	18.53	7.94	20.0	33.0	0.4			237.5	275.0	0.0	56.82
250.0	237.5_275.0	11	Western Gotland Basin	19.68	7.07	21.0	30.0	3.0			237.5	275.0	0.0	51.21
250.0	237.5_275.0	12	Western Gotland Basin	19.72	7.25	18.0	34.0	9.0			237.5	275.0	0.0	55.75
300.0	275.0_350.0	1	Western Gotland Basin	18.12	6.98	17.0	28.0	7.0			275.0	350.0	0.0	48.94
300.0	275.0_350.0	3	Western Gotland Basin	20.3	8.65	19.0	35.3	0.0			275.0	350.0	0.0	61.25
300.0	275.0_350.0	4	Western Gotland Basin	17.82	11.58	17.0	37.6	0.0			275.0	350.0	0.0	72.34
300.0	275.0_350.0	5	Western Gotland Basin	13.97	8.55	17.0	29.43	0.0			275.0	350.0	0.0	55.08
300.0	275.0_350.0	6	Western Gotland Basin	14.96	7.76	16.0	28.35	0.0			275.0	350.0	0.0	51.63
300.0	275.0_350.0	7	Western Gotland Basin	13.7	7.69	18.0	31.8	0.0			275.0	350.0	0.0	54.87
300.0	275.0_350.0	8	Western Gotland Basin	15.17	8.16	19.0	31.0	0.0			275.0	350.0	0.0	55.48
300.0	275.0_350.0	9	Western Gotland Basin	16.58	7.85	19.0	29.85	0.0			275.0	350.0	0.0	53.4
300.0	275.0_350.0	10	Western Gotland Basin	17.94	8.16	19.0	32.5	0.4			275.0	350.0	0.0	56.98
300.0	275.0_350.0	11	Western Gotland Basin	20.36	7.22	21.0	30.5	4.5			275.0	350.0	0.0	52.16
300.0	275.0_350.0	12	Western Gotland Basin	20.44	6.82	18.0	32.0	9.0			275.0	350.0	0.0	52.46
400.0	350.0_425.0	1	Western Gotland Basin	19.29	7.93	17.0	34.0	7.0			350.0	425.0	0.0	57.79
400.0	350.0_425.0	3	Western Gotland Basin	21.93	9.09	19.0	38.0	0.0			350.0	425.0	0.0	65.27
400.0	350.0_425.0	4	Western Gotland Basin	19.6	13.01	17.0	39.67	0.0			350.0	425.0	0.0	78.7
400.0	350.0_425.0	5	Western Gotland Basin	17.74	10.44	17.0	34.65	0.0			350.0	425.0	0.0	65.97
400.0	350.0_425.0	6	Western Gotland Basin	15.58	9.23	16.0	36.6	0.0			350.0	425.0	0.0	64.29
400.0	350.0_425.0	7	Western Gotland Basin	13.96	8.52	19.0	31.15	0.0			350.0	425.0	0.0	56.71
400.0	350.0_425.0	8	Western Gotland Basin	16.34	8.95	19.0	30.5	0.0			350.0	425.0	0.0	57.35
400.0	350.0_425.0	9	Western Gotland Basin	17.86	8.55	19.0	30.35	0.0			350.0	425.0	0.0	56.0
400.0	350.0_425.0	10	Western Gotland Basin	18.62	8.44	19.0	32.9	0.0			350.0	425.0	0.0	58.22
400.0	350.0_425.0	11	Western Gotland Basin	21.19	7.3	20.0	31.0	6.5			350.0	425.0	0.0	52.9
400.0	350.0_425.0	12	Western Gotland Basin	20.65	6.78	17.0	31.0	8.0			350.0	425.0	0.0	51.34
450.0	425.0_475.0	1	Western Gotland Basin	20.47	7.59	17.0	34.5	8.5			425.0	475.0	0.0	57.27
450.0	425.0_475.0	3	Western Gotland Basin	23.59	9.67	19.0	39.0	0.0			425.0	475.0	0.0	68.01
450.0	425.0_475.0	4	Western Gotland Basin	21.51	14.11	17.0	40.2	0.0			425.0	475.0	0.0	82.53
450.0	425.0_475.0	5	Western Gotland Basin	21.27	12.15	17.0	41.35	0.0			425.0	475.0	0.0	77.8
450.0	425.0_475.0	6	Western Gotland Basin	17.76	10.03	17.0	37.95	0.0			425.0	475.0	0.0	68.04
450.0	425.0_475.0	7	Western Gotland Basin	16.72	8.88	20.0	36.6	3.85			425.0	475.0	0.0	63.24
450.0	425.0_475.0	8	Western Gotland Basin	19.09	9.57	19.0	37.15	2.1			425.0	475.0	0.0	65.86
450.0	425.0_475.0	9	Western Gotland Basin	20.97	8.82	18.0	35.75	0.25			425.0	475.0	0.0	62.21
450.0	425.0_475.0	10	Western Gotland Basin	20.42	8.27	19.0	35.3	1.6			425.0	475.0	0.0	60.11
450.0	425.0_475.0	11	Western Gotland Basin	23.44	7.57	21.0	33.75	8.25			425.0	475.0	0.0	56.46
450.0	425.0_475.0	12	Western Gotland Basin	22.58	8.76	18.0	42.5	9.5			425.0	475.0	0.0	68.78
