depth	depth_interval	month	sea_basin	mean	std	count	max	min	95p	5p	min_depth	max_depth	min_range_value	max_range_value
0.0	0_2.5	7	18	15.43	6.01	50.0	32.6	9.1			0.0	2.5	0.0	44.62
0.0	0_2.5	8	18	14.16	5.76	30.0	27.0	8.0			0.0	2.5	0.0	38.52
5.0	2.5_7.5	7	18	14.29	4.68	50.0	29.7	8.9			2.5	7.5	0.0	39.06
5.0	2.5_7.5	8	18	13.23	4.66	30.0	26.8	8.1			2.5	7.5	0.0	36.12
10.0	7.5_12.5	7	18	15.3	5.0	29.0	29.6	10.7			7.5	12.5	0.7	39.6
10.0	7.5_12.5	8	18	14.73	4.59	17.0	26.4	10.8			7.5	12.5	1.62	35.58
0.0	0_2.5	1	20	16.3	9.54	21.0	56.6	10.8			0.0	2.5	0.0	75.68
0.0	0_2.5	2	20	21.5	13.84	26.0	65.9	11.0			0.0	2.5	0.0	93.58
0.0	0_2.5	3	20	27.51	18.71	36.0	70.5	11.0			0.0	2.5	0.0	107.92
0.0	0_2.5	4	20	22.19	13.17	40.0	63.9	11.8			0.0	2.5	0.0	90.24
0.0	0_2.5	5	20	28.65	10.86	42.0	65.6	15.3			0.0	2.5	0.0	87.32
0.0	0_2.5	6	20	20.0	5.17	36.0	39.0	12.8			0.0	2.5	2.46	49.34
0.0	0_2.5	7	20	16.29	5.21	21.0	32.7	11.6			0.0	2.5	1.18	43.12
0.0	0_2.5	8	20	17.98	10.98	37.0	68.8	11.5			0.0	2.5	0.0	90.76
0.0	0_2.5	9	20	16.05	6.18	31.0	36.1	10.9			0.0	2.5	0.0	48.46
0.0	0_2.5	10	20	17.34	5.39	36.0	30.8	10.6			0.0	2.5	0.0	41.58
0.0	0_2.5	11	20	16.98	4.82	19.0	26.8	11.8			0.0	2.5	2.16	36.44
0.0	0_2.5	12	20	18.15	8.97	20.0	42.6	10.6			0.0	2.5	0.0	60.54
5.0	2.5_7.5	1	20	14.15	2.69	21.0	19.1	10.2			2.5	7.5	4.82	24.48
5.0	2.5_7.5	2	20	15.18	3.05	26.0	23.9	11.0			2.5	7.5	4.9	30.0
5.0	2.5_7.5	3	20	15.46	2.69	36.0	23.0	11.4			2.5	7.5	6.02	28.38
5.0	2.5_7.5	4	20	15.76	2.84	40.0	24.4	11.8			2.5	7.5	6.12	30.08
5.0	2.5_7.5	5	20	22.43	5.4	42.0	38.5	14.1			2.5	7.5	3.3	49.3
5.0	2.5_7.5	6	20	17.82	2.93	36.0	23.2	13.0			2.5	7.5	7.14	29.06
5.0	2.5_7.5	7	20	15.16	3.19	21.0	23.7	11.7			2.5	7.5	5.32	30.08
5.0	2.5_7.5	8	20	15.23	4.84	37.0	30.0	10.8			2.5	7.5	1.12	39.68
5.0	2.5_7.5	9	20	15.43	4.97	31.0	32.4	11.0			2.5	7.5	1.06	42.34
5.0	2.5_7.5	10	20	16.48	4.39	36.0	29.0	10.7			2.5	7.5	1.92	37.78
5.0	2.5_7.5	11	20	16.15	3.74	19.0	23.5	11.8			2.5	7.5	4.32	30.98
5.0	2.5_7.5	12	20	17.03	7.5	19.0	41.1	10.6			2.5	7.5	0.0	56.1
15.0	12.5_17.5	2	20	14.27	3.67	18.0	23.7	10.5			12.5	17.5	3.16	31.04
15.0	12.5_17.5	3	20	13.85	3.28	24.0	27.9	10.8			12.5	17.5	4.24	34.46
15.0	12.5_17.5	4	20	13.14	1.49	25.0	17.9	10.4			12.5	17.5	7.42	20.88
15.0	12.5_17.5	5	20	14.9	2.77	26.0	21.7	11.6			12.5	17.5	6.06	27.24
15.0	12.5_17.5	6	20	13.71	2.08	28.0	17.5	10.4			12.5	17.5	6.24	21.66
15.0	12.5_17.5	8	20	11.55	0.78	26.0	13.4	9.6			12.5	17.5	8.04	14.96
15.0	12.5_17.5	9	20	12.17	2.25	22.0	19.3	8.5			12.5	17.5	4.0	23.8
15.0	12.5_17.5	10	20	12.97	2.12	24.0	17.5	10.7			12.5	17.5	6.46	21.74
20.0	17.5_22.5	2	20	12.87	1.82	18.0	16.2	10.4			17.5	22.5	6.76	19.84
20.0	17.5_22.5	3	20	12.6	1.14	24.0	15.4	10.7			17.5	22.5	8.42	17.68
20.0	17.5_22.5	4	20	12.45	1.28	25.0	15.8	10.4			17.5	22.5	7.84	18.36
20.0	17.5_22.5	5	20	13.0	1.82	26.0	18.0	10.6			17.5	22.5	6.96	21.64
20.0	17.5_22.5	6	20	12.21	1.69	28.0	16.8	10.1			17.5	22.5	6.72	20.18
20.0	17.5_22.5	8	20	11.16	0.85	26.0	13.3	9.3			17.5	22.5	7.6	15.0
20.0	17.5_22.5	9	20	11.53	1.92	22.0	17.9	7.3			17.5	22.5	3.46	21.74
20.0	17.5_22.5	10	20	12.08	1.44	24.0	15.8	10.4			17.5	22.5	7.52	18.68
0.0	0_2.5	3	22	36.59	19.47	28.0	68.3	7.3			0.0	2.5	0.0	107.24
0.0	0_2.5	5	22	46.45	18.5	46.0	92.2	21.2			0.0	2.5	0.0	129.2
0.0	0_2.5	6	22	43.79	16.08	45.0	83.6	20.0			0.0	2.5	0.0	115.76
0.0	0_2.5	7	22	29.12	9.9	24.0	58.4	18.5			0.0	2.5	0.0	78.2
0.0	0_2.5	8	22	31.25	14.02	40.0	69.9	16.5			0.0	2.5	0.0	97.94
0.0	0_2.5	9	22	28.02	12.83	53.0	74.6	14.7			0.0	2.5	0.0	100.26
0.0	0_2.5	10	22	35.24	19.39	20.0	95.3	16.9			0.0	2.5	0.0	134.08
0.0	0_2.5	11	22	33.55	14.46	26.0	66.2	16.7			0.0	2.5	0.0	95.12
5.0	2.5_7.5	3	22	26.08	3.75	26.0	34.9	18.7			2.5	7.5	11.2	42.4
5.0	2.5_7.5	5	22	37.33	13.99	46.0	81.7	21.3			2.5	7.5	0.0	109.68
5.0	2.5_7.5	6	22	36.25	11.24	45.0	72.9	20.0			2.5	7.5	0.0	95.38
5.0	2.5_7.5	7	22	25.41	4.06	24.0	35.3	18.6			2.5	7.5	10.48	43.42
5.0	2.5_7.5	8	22	26.54	7.82	40.0	51.4	16.6			2.5	7.5	0.96	67.04
5.0	2.5_7.5	9	22	26.6	10.46	51.0	63.8	14.6			2.5	7.5	0.0	84.72
5.0	2.5_7.5	10	22	29.29	10.7	20.0	54.85	16.9			2.5	7.5	0.0	76.25
5.0	2.5_7.5	11	22	28.1	8.08	26.0	44.7	16.7			2.5	7.5	0.54	60.86
10.0	7.5_12.5	5	22	29.98	10.77	18.0	62.1	20.3			7.5	12.5	0.0	83.64
10.0	7.5_12.5	6	22	31.87	9.26	16.0	53.5	18.7			7.5	12.5	0.18	72.02
10.0	7.5_12.5	11	22	25.09	6.26	18.0	36.7	16.5			7.5	12.5	3.98	49.22
0.0	0_2.5	1	Bornholm Basin	6.16	2.52	17.0	8.2	0.95			0.0	2.5	0.0	13.24
0.0	0_2.5	12	Bornholm Basin	7.29	0.56	16.0	8.4	6.5			0.0	2.5	5.38	9.52
5.0	2.5_7.5	1	Bornholm Basin	6.17	2.51	17.0	8.2	1.0			2.5	7.5	0.0	13.22
5.0	2.5_7.5	12	Bornholm Basin	7.39	0.68	16.0	8.6	6.5			2.5	7.5	5.14	9.96
10.0	7.5_12.5	1	Bornholm Basin	6.18	2.51	17.0	8.2	1.0			7.5	12.5	0.0	13.22
10.0	7.5_12.5	12	Bornholm Basin	7.26	0.56	16.0	8.3	6.4			7.5	12.5	5.28	9.42
15.0	12.5_17.5	1	Bornholm Basin	6.14	2.48	17.0	8.2	0.95			12.5	17.5	0.0	13.16
15.0	12.5_17.5	12	Bornholm Basin	7.22	0.51	16.0	8.2	6.5			12.5	17.5	5.48	9.22
20.0	17.5_25.0	1	Bornholm Basin	6.17	2.51	17.0	8.4	0.9			17.5	25.0	0.0	13.42
20.0	17.5_25.0	12	Bornholm Basin	7.25	0.54	16.0	8.1	6.4			17.5	25.0	5.32	9.18
30.0	25.0_35.0	1	Bornholm Basin	6.06	2.45	17.0	8.2	0.95			25.0	35.0	0.0	13.1
40.0	35.0_45.0	1	Bornholm Basin	6.16	2.55	17.0	9.3	0.95			35.0	45.0	0.0	14.4
40.0	35.0_45.0	12	Bornholm Basin	7.21	0.52	16.0	8.4	6.5			35.0	45.0	5.46	9.44
50.0	45.0_55.0	1	Bornholm Basin	6.04	2.46	17.0	8.4	1.0			45.0	55.0	0.0	13.32
50.0	45.0_55.0	12	Bornholm Basin	7.29	0.66	16.0	8.8	6.5			45.0	55.0	5.18	10.12
60.0	55.0_65.0	12	Bornholm Basin	6.99	0.67	16.0	8.2	5.8			55.0	65.0	4.46	9.54
80.0	75.0_85.0	1	Bornholm Basin	6.34	2.17	16.0	8.6	1.0			75.0	85.0	0.0	12.94
90.0	85.0_95.0	12	Bornholm Basin	7.41	0.9	16.0	9.3	6.1			85.0	95.0	4.3	11.1
0.0	0_2.5	1	Bothnian Bay	17.42	1.22	20.0	19.8	15.8			0.0	2.5	13.36	22.24
0.0	0_2.5	2	Bothnian Bay	17.26	1.49	19.0	20.0	15.3			0.0	2.5	12.32	22.98
0.0	0_2.5	3	Bothnian Bay	17.45	1.12	17.0	19.8	16.3			0.0	2.5	14.06	22.04
0.0	0_2.5	4	Bothnian Bay	16.34	1.41	24.0	19.0	13.5			0.0	2.5	10.68	21.82
0.0	0_2.5	5	Bothnian Bay	10.47	6.3	17.0	17.8	3.6			0.0	2.5	0.0	30.4
0.0	0_2.5	6	Bothnian Bay	17.05	4.55	28.0	35.7	12.5			0.0	2.5	3.4	44.8
0.0	0_2.5	7	Bothnian Bay	16.13	4.01	23.0	24.9	11.9			0.0	2.5	3.88	32.92
0.0	0_2.5	9	Bothnian Bay	15.57	2.33	20.0	21.1	11.7			0.0	2.5	7.04	25.76
0.0	0_2.5	11	Bothnian Bay	9.61	5.55	16.0	18.8	4.7			0.0	2.5	0.0	29.9
0.0	0_2.5	12	Bothnian Bay	15.57	2.6	57.0	22.8	10.5			0.0	2.5	5.3	28.0
5.0	2.5_7.5	1	Bothnian Bay	17.45	1.22	20.0	19.9	15.6			2.5	7.5	13.16	22.34
5.0	2.5_7.5	2	Bothnian Bay	17.39	1.55	20.0	20.0	15.3			2.5	7.5	12.2	23.1
5.0	2.5_7.5	3	Bothnian Bay	17.58	1.08	17.0	20.2	16.3			2.5	7.5	14.14	22.36
5.0	2.5_7.5	4	Bothnian Bay	16.37	1.41	24.0	19.1	13.4			2.5	7.5	10.58	21.92
5.0	2.5_7.5	5	Bothnian Bay	10.54	6.3	17.0	18.0	3.75			2.5	7.5	0.0	30.6
5.0	2.5_7.5	6	Bothnian Bay	17.13	4.44	28.0	35.4	12.6			2.5	7.5	3.72	44.28
5.0	2.5_7.5	7	Bothnian Bay	16.27	3.98	23.0	25.2	11.7			2.5	7.5	3.74	33.16
5.0	2.5_7.5	9	Bothnian Bay	15.56	2.35	20.0	21.2	11.4			2.5	7.5	6.7	25.9
5.0	2.5_7.5	12	Bothnian Bay	15.62	2.5	57.0	22.7	10.5			2.5	7.5	5.5	27.7
10.0	7.5_12.5	12	Bothnian Bay	13.59	1.42	33.0	16.4	10.5			7.5	12.5	7.66	19.24
15.0	12.5_17.5	12	Bothnian Bay	13.58	1.41	33.0	16.3	10.7			12.5	17.5	7.88	19.12
20.0	17.5_25.0	12	Bothnian Bay	13.62	1.41	33.0	16.6	10.7			17.5	25.0	7.88	19.42
30.0	25.0_35.0	12	Bothnian Bay	13.45	1.3	33.0	15.6	10.5			25.0	35.0	7.9	18.2
40.0	35.0_45.0	12	Bothnian Bay	13.12	1.3	33.0	15.6	10.2			35.0	45.0	7.6	18.2
50.0	45.0_55.0	12	Bothnian Bay	12.84	1.22	33.0	15.7	10.3			45.0	55.0	7.86	18.14
60.0	55.0_65.0	4	Bothnian Bay	16.27	1.24	24.0	18.7	14.0			55.0	65.0	11.52	21.18
60.0	55.0_65.0	6	Bothnian Bay	15.81	1.44	28.0	19.5	13.3			55.0	65.0	10.42	22.38
60.0	55.0_65.0	7	Bothnian Bay	15.25	1.33	21.0	18.6	12.9			55.0	65.0	10.24	21.26
60.0	55.0_65.0	9	Bothnian Bay	15.19	1.22	20.0	17.2	12.3			55.0	65.0	9.86	19.64
60.0	55.0_65.0	12	Bothnian Bay	14.07	2.09	53.0	18.2	10.2			55.0	65.0	6.02	22.38
70.0	65.0_75.0	12	Bothnian Bay	12.3	1.16	33.0	14.4	10.0			65.0	75.0	7.68	16.72
80.0	75.0_85.0	12	Bothnian Bay	12.54	1.42	36.0	15.7	10.3			75.0	85.0	7.46	18.54
90.0	85.0_95.0	12	Bothnian Bay	13.07	2.1	41.0	17.8	9.5			85.0	95.0	5.3	22.0
100.0	95.0_112.5	12	Bothnian Bay	12.59	1.75	35.0	17.5	9.4			95.0	112.5	5.9	21.0
125.0	112.5_137.5	12	Bothnian Bay	13.47	1.54	19.0	15.8	10.9			112.5	137.5	7.82	18.88
0.0	0_2.5	1	Bothnian Sea	10.73	0.97	26.0	12.5	9.1			0.0	2.5	7.16	14.44
0.0	0_2.5	2	Bothnian Sea	10.56	0.93	30.0	12.2	8.8			0.0	2.5	6.94	14.06
0.0	0_2.5	4	Bothnian Sea	9.89	1.03	26.0	13.0	7.5			0.0	2.5	5.44	15.06
0.0	0_2.5	6	Bothnian Sea	8.99	0.92	29.0	11.3	7.1			0.0	2.5	5.26	13.14
0.0	0_2.5	7	Bothnian Sea	8.78	0.7	25.0	10.2	7.5			0.0	2.5	6.1	11.6
0.0	0_2.5	9	Bothnian Sea	8.89	0.72	16.0	10.8	8.1			0.0	2.5	6.66	12.24
0.0	0_2.5	11	Bothnian Sea	5.96	2.84	18.0	10.4	2.9			0.0	2.5	0.0	16.08
0.0	0_2.5	12	Bothnian Sea	9.34	1.44	72.0	15.8	7.4			0.0	2.5	4.52	18.68
5.0	2.5_7.5	1	Bothnian Sea	10.72	1.0	26.0	12.4	9.2			2.5	7.5	7.2	14.4
5.0	2.5_7.5	2	Bothnian Sea	10.57	0.92	30.0	12.3	8.8			2.5	7.5	6.96	14.14
5.0	2.5_7.5	4	Bothnian Sea	10.0	0.99	26.0	12.7	7.9			2.5	7.5	5.92	14.68
5.0	2.5_7.5	6	Bothnian Sea	9.02	0.93	29.0	11.4	7.25			2.5	7.5	5.39	13.26
5.0	2.5_7.5	7	Bothnian Sea	8.79	0.79	24.0	10.3	7.4			2.5	7.5	5.82	11.88
5.0	2.5_7.5	9	Bothnian Sea	8.89	0.7	16.0	10.7	8.0			2.5	7.5	6.6	12.1
5.0	2.5_7.5	11	Bothnian Sea	6.1	2.81	17.0	10.3	3.0			2.5	7.5	0.0	15.92
5.0	2.5_7.5	12	Bothnian Sea	9.41	1.41	72.0	15.7	7.5			2.5	7.5	4.68	18.52
10.0	7.5_12.5	11	Bothnian Sea	5.44	2.51	16.0	8.6	2.9			7.5	12.5	0.0	13.62
10.0	7.5_12.5	12	Bothnian Sea	8.65	0.8	42.0	10.9	7.5			7.5	12.5	5.9	12.5
15.0	12.5_17.5	12	Bothnian Sea	8.67	0.78	40.0	10.8	7.5			12.5	17.5	5.94	12.36
20.0	17.5_25.0	11	Bothnian Sea	5.4	2.48	16.0	8.6	2.9			17.5	25.0	0.0	13.56
20.0	17.5_25.0	12	Bothnian Sea	8.54	0.68	40.0	10.5	7.4			17.5	25.0	6.04	11.86
30.0	25.0_35.0	11	Bothnian Sea	5.42	2.5	16.0	8.6	2.9			25.0	35.0	0.0	13.6
30.0	25.0_35.0	12	Bothnian Sea	8.54	0.63	41.0	10.3	7.5			25.0	35.0	6.24	11.56
40.0	35.0_45.0	12	Bothnian Sea	8.48	0.6	42.0	9.8	7.4			35.0	45.0	6.2	11.0
50.0	45.0_55.0	12	Bothnian Sea	8.49	0.58	41.0	9.9	7.4			45.0	55.0	6.24	11.06
60.0	55.0_65.0	1	Bothnian Sea	10.29	0.88	18.0	12.1	9.3			55.0	65.0	7.54	13.86
60.0	55.0_65.0	2	Bothnian Sea	9.94	0.38	18.0	10.6	9.4			55.0	65.0	8.64	11.36
60.0	55.0_65.0	4	Bothnian Sea	10.09	0.96	26.0	12.6	8.0			55.0	65.0	6.08	14.52
60.0	55.0_65.0	6	Bothnian Sea	9.62	0.71	29.0	10.9	8.1			55.0	65.0	6.68	12.32
60.0	55.0_65.0	7	Bothnian Sea	9.7	0.75	23.0	11.5	7.8			55.0	65.0	6.3	13.0
60.0	55.0_65.0	9	Bothnian Sea	10.14	0.51	16.0	11.3	9.6			55.0	65.0	8.58	12.32
60.0	55.0_65.0	12	Bothnian Sea	9.13	1.05	62.0	11.9	7.4			55.0	65.0	5.3	14.0
70.0	65.0_75.0	12	Bothnian Sea	8.72	0.54	41.0	10.0	7.3			65.0	75.0	6.22	11.08
80.0	75.0_85.0	12	Bothnian Sea	9.28	1.19	53.0	12.7	7.3			75.0	85.0	4.92	15.08
90.0	85.0_95.0	12	Bothnian Sea	9.02	0.72	48.0	10.6	7.7			85.0	95.0	6.26	12.04
100.0	95.0_112.5	12	Bothnian Sea	8.82	0.56	40.0	10.7	7.8			95.0	112.5	6.68	11.82
125.0	112.5_137.5	12	Bothnian Sea	8.93	0.54	37.0	10.6	8.1			112.5	137.5	7.02	11.68
150.0	137.5_162.5	12	Bothnian Sea	8.96	0.46	20.0	10.0	8.3			137.5	162.5	7.38	10.92
175.0	162.5_187.5	12	Bothnian Sea	8.84	0.39	16.0	9.5	8.3			162.5	187.5	7.52	10.28
200.0	187.5_212.5	12	Bothnian Sea	10.16	1.2	25.0	12.6	8.5			187.5	212.5	6.1	15.0
0.0	0_2.5	1	Eastern Gotland Basin	6.58	2.36	30.0	8.5	0.7			0.0	2.5	0.0	13.22
0.0	0_2.5	3	Eastern Gotland Basin	7.95	0.96	26.0	10.2	6.2			0.0	2.5	4.28	12.12
0.0	0_2.5	4	Eastern Gotland Basin	7.69	0.66	26.0	9.0	6.3			0.0	2.5	4.98	10.32
0.0	0_2.5	5	Eastern Gotland Basin	6.98	1.68	21.0	9.2	2.3			0.0	2.5	0.0	12.56
0.0	0_2.5	6	Eastern Gotland Basin	7.42	0.73	24.0	8.6	6.0			0.0	2.5	4.54	10.06
0.0	0_2.5	7	Eastern Gotland Basin	7.42	0.6	18.0	8.25	6.4			0.0	2.5	5.2	9.45
0.0	0_2.5	8	Eastern Gotland Basin	7.5	0.88	24.0	9.1	5.9			0.0	2.5	4.14	10.86
0.0	0_2.5	9	Eastern Gotland Basin	7.0	0.67	26.0	8.4	6.1			0.0	2.5	4.76	9.74
0.0	0_2.5	10	Eastern Gotland Basin	7.3	0.58	21.0	8.1	5.8			0.0	2.5	4.64	9.26
0.0	0_2.5	11	Eastern Gotland Basin	6.99	1.04	24.0	8.3	2.7			0.0	2.5	0.62	10.38
0.0	0_2.5	12	Eastern Gotland Basin	7.41	0.5	28.0	8.2	6.3			0.0	2.5	5.3	9.2
5.0	2.5_7.5	1	Eastern Gotland Basin	6.58	2.37	30.0	8.5	0.7			2.5	7.5	0.0	13.24
5.0	2.5_7.5	3	Eastern Gotland Basin	7.88	1.02	24.0	10.3	6.2			2.5	7.5	4.16	12.34
5.0	2.5_7.5	4	Eastern Gotland Basin	7.69	0.61	26.0	8.6	6.4			2.5	7.5	5.18	9.82
5.0	2.5_7.5	5	Eastern Gotland Basin	7.0	1.7	21.0	9.3	2.35			2.5	7.5	0.0	12.7
5.0	2.5_7.5	6	Eastern Gotland Basin	7.48	0.74	24.0	8.8	5.9			2.5	7.5	4.42	10.28
5.0	2.5_7.5	7	Eastern Gotland Basin	7.56	0.72	20.0	9.0	6.4			2.5	7.5	4.96	10.44
5.0	2.5_7.5	8	Eastern Gotland Basin	7.59	0.92	24.0	9.5	6.0			2.5	7.5	4.16	11.34
5.0	2.5_7.5	9	Eastern Gotland Basin	6.98	0.69	25.0	8.3	6.1			2.5	7.5	4.72	9.68
5.0	2.5_7.5	10	Eastern Gotland Basin	7.39	0.6	21.0	8.3	6.0			2.5	7.5	4.8	9.5
5.0	2.5_7.5	11	Eastern Gotland Basin	7.02	1.08	23.0	8.4	2.7			2.5	7.5	0.54	10.56
5.0	2.5_7.5	12	Eastern Gotland Basin	7.42	0.5	28.0	8.2	6.4			2.5	7.5	5.4	9.2
10.0	7.5_12.5	1	Eastern Gotland Basin	6.65	2.4	30.0	8.5	0.7			7.5	12.5	0.0	13.3
10.0	7.5_12.5	3	Eastern Gotland Basin	7.85	0.98	24.0	10.1	6.2			7.5	12.5	4.24	12.06
10.0	7.5_12.5	4	Eastern Gotland Basin	7.68	0.62	26.0	8.7	6.4			7.5	12.5	5.16	9.94
10.0	7.5_12.5	5	Eastern Gotland Basin	7.07	1.71	21.0	9.3	2.3			7.5	12.5	0.0	12.72
10.0	7.5_12.5	6	Eastern Gotland Basin	7.52	0.77	24.0	9.0	6.1			7.5	12.5	4.56	10.54
10.0	7.5_12.5	7	Eastern Gotland Basin	7.53	0.67	20.0	8.7	6.4			7.5	12.5	5.06	10.04
10.0	7.5_12.5	8	Eastern Gotland Basin	7.58	0.96	24.0	9.6	6.0			7.5	12.5	4.08	11.52
10.0	7.5_12.5	9	Eastern Gotland Basin	7.0	0.73	26.0	8.5	6.0			7.5	12.5	4.54	9.96
10.0	7.5_12.5	10	Eastern Gotland Basin	7.21	0.9	21.0	8.1	4.1			7.5	12.5	2.3	9.9
10.0	7.5_12.5	11	Eastern Gotland Basin	6.99	1.04	24.0	8.3	2.7			7.5	12.5	0.62	10.38
10.0	7.5_12.5	12	Eastern Gotland Basin	7.42	0.5	29.0	8.2	6.2			7.5	12.5	5.2	9.2
15.0	12.5_17.5	1	Eastern Gotland Basin	6.64	2.38	30.0	8.5	0.7			12.5	17.5	0.0	13.26
15.0	12.5_17.5	3	Eastern Gotland Basin	7.89	0.94	24.0	10.0	6.3			12.5	17.5	4.42	11.88
15.0	12.5_17.5	4	Eastern Gotland Basin	7.67	0.56	26.0	8.6	6.4			12.5	17.5	5.28	9.72
15.0	12.5_17.5	5	Eastern Gotland Basin	7.01	1.69	21.0	9.2	2.4			12.5	17.5	0.0	12.58
15.0	12.5_17.5	6	Eastern Gotland Basin	7.55	0.79	24.0	8.9	6.1			12.5	17.5	4.52	10.48
15.0	12.5_17.5	7	Eastern Gotland Basin	7.55	0.68	20.0	8.7	6.4			12.5	17.5	5.04	10.06
15.0	12.5_17.5	8	Eastern Gotland Basin	7.57	0.85	24.0	9.2	6.0			12.5	17.5	4.3	10.9
15.0	12.5_17.5	9	Eastern Gotland Basin	6.97	0.67	25.0	8.3	6.0			12.5	17.5	4.66	9.64
15.0	12.5_17.5	10	Eastern Gotland Basin	7.21	0.94	21.0	8.3	4.0			12.5	17.5	2.12	10.18
15.0	12.5_17.5	11	Eastern Gotland Basin	6.95	1.02	23.0	8.2	2.8			12.5	17.5	0.76	10.24
15.0	12.5_17.5	12	Eastern Gotland Basin	7.41	0.48	29.0	8.4	6.4			12.5	17.5	5.44	9.36
20.0	17.5_25.0	1	Eastern Gotland Basin	6.59	2.38	30.0	8.5	0.7			17.5	25.0	0.0	13.26
20.0	17.5_25.0	3	Eastern Gotland Basin	7.83	0.97	23.0	10.1	6.3			17.5	25.0	4.36	12.04
20.0	17.5_25.0	4	Eastern Gotland Basin	7.68	0.62	26.0	9.1	6.4			17.5	25.0	5.16	10.34
20.0	17.5_25.0	5	Eastern Gotland Basin	7.0	1.66	21.0	9.3	2.3			17.5	25.0	0.0	12.62
20.0	17.5_25.0	6	Eastern Gotland Basin	7.45	0.77	24.0	8.8	6.0			17.5	25.0	4.46	10.34
20.0	17.5_25.0	7	Eastern Gotland Basin	7.59	0.63	20.0	8.8	6.4			17.5	25.0	5.14	10.06
20.0	17.5_25.0	8	Eastern Gotland Basin	7.67	0.87	24.0	9.0	5.9			17.5	25.0	4.16	10.74
20.0	17.5_25.0	9	Eastern Gotland Basin	7.02	0.7	26.0	8.3	6.0			17.5	25.0	4.6	9.7
20.0	17.5_25.0	10	Eastern Gotland Basin	7.2	0.93	21.0	8.3	4.1			17.5	25.0	2.24	10.16
20.0	17.5_25.0	11	Eastern Gotland Basin	6.98	1.04	24.0	8.5	2.7			17.5	25.0	0.62	10.58
20.0	17.5_25.0	12	Eastern Gotland Basin	7.43	0.48	28.0	8.3	6.3			17.5	25.0	5.34	9.26
30.0	25.0_35.0	1	Eastern Gotland Basin	6.65	2.4	30.0	8.4	0.7			25.0	35.0	0.0	13.2
30.0	25.0_35.0	3	Eastern Gotland Basin	7.88	0.97	24.0	10.1	6.3			25.0	35.0	4.36	12.04
30.0	25.0_35.0	4	Eastern Gotland Basin	7.65	0.57	25.0	8.7	6.4			25.0	35.0	5.26	9.84
30.0	25.0_35.0	5	Eastern Gotland Basin	6.86	1.66	20.0	9.3	2.3			25.0	35.0	0.0	12.62
30.0	25.0_35.0	6	Eastern Gotland Basin	7.45	0.67	24.0	8.5	6.2			25.0	35.0	4.86	9.84
30.0	25.0_35.0	7	Eastern Gotland Basin	7.73	0.51	20.0	8.55	6.7			25.0	35.0	5.68	9.57
30.0	25.0_35.0	8	Eastern Gotland Basin	7.9	0.76	24.0	9.0	6.1			25.0	35.0	4.58	10.52
30.0	25.0_35.0	9	Eastern Gotland Basin	7.2	0.71	26.0	8.4	6.0			25.0	35.0	4.58	9.82
30.0	25.0_35.0	10	Eastern Gotland Basin	7.2	0.99	21.0	8.4	3.9			25.0	35.0	1.92	10.38
30.0	25.0_35.0	11	Eastern Gotland Basin	6.98	1.0	24.0	8.3	2.9			25.0	35.0	0.9	10.3
30.0	25.0_35.0	12	Eastern Gotland Basin	7.46	0.51	29.0	8.2	6.2			25.0	35.0	5.18	9.22
40.0	35.0_45.0	1	Eastern Gotland Basin	6.59	2.37	30.0	8.6	0.7			35.0	45.0	0.0	13.34
40.0	35.0_45.0	3	Eastern Gotland Basin	7.85	0.93	24.0	9.9	6.3			35.0	45.0	4.44	11.76
40.0	35.0_45.0	4	Eastern Gotland Basin	7.63	0.55	26.0	8.5	6.4			35.0	45.0	5.3	9.6
40.0	35.0_45.0	5	Eastern Gotland Basin	6.88	1.59	21.0	9.4	2.4			35.0	45.0	0.0	12.58
40.0	35.0_45.0	6	Eastern Gotland Basin	7.48	0.63	24.0	8.4	6.4			35.0	45.0	5.14	9.66
40.0	35.0_45.0	7	Eastern Gotland Basin	7.74	0.38	20.0	8.4	7.0			35.0	45.0	6.24	9.16
40.0	35.0_45.0	8	Eastern Gotland Basin	7.84	0.7	24.0	9.2	6.1			35.0	45.0	4.7	10.6
40.0	35.0_45.0	9	Eastern Gotland Basin	7.28	0.55	26.0	8.2	6.4			35.0	45.0	5.3	9.3
40.0	35.0_45.0	10	Eastern Gotland Basin	7.39	0.95	21.0	8.4	4.3			35.0	45.0	2.4	10.3
40.0	35.0_45.0	11	Eastern Gotland Basin	7.08	1.07	24.0	8.4	2.7			35.0	45.0	0.56	10.54
40.0	35.0_45.0	12	Eastern Gotland Basin	7.44	0.56	29.0	8.7	6.2			35.0	45.0	5.08	9.82
50.0	45.0_55.0	1	Eastern Gotland Basin	6.59	2.38	30.0	9.0	0.7			45.0	55.0	0.0	13.76
50.0	45.0_55.0	3	Eastern Gotland Basin	7.86	0.93	24.0	9.9	6.3			45.0	55.0	4.44	11.76
50.0	45.0_55.0	4	Eastern Gotland Basin	7.68	0.56	26.0	8.6	6.4			45.0	55.0	5.28	9.72
50.0	45.0_55.0	5	Eastern Gotland Basin	6.87	1.61	21.0	9.4	2.3			45.0	55.0	0.0	12.62
50.0	45.0_55.0	6	Eastern Gotland Basin	7.55	0.69	24.0	8.9	6.3			45.0	55.0	4.92	10.28
50.0	45.0_55.0	7	Eastern Gotland Basin	7.71	0.39	20.0	8.4	6.9			45.0	55.0	6.12	9.18
50.0	45.0_55.0	8	Eastern Gotland Basin	7.86	0.58	22.0	8.6	6.6			45.0	55.0	5.44	9.76
50.0	45.0_55.0	9	Eastern Gotland Basin	7.37	0.43	26.0	8.6	6.8			45.0	55.0	5.94	9.46
50.0	45.0_55.0	10	Eastern Gotland Basin	7.56	0.91	21.0	8.6	4.2			45.0	55.0	2.38	10.42
50.0	45.0_55.0	11	Eastern Gotland Basin	7.29	1.1	24.0	8.7	2.7			45.0	55.0	0.5	10.9
50.0	45.0_55.0	12	Eastern Gotland Basin	7.43	0.53	29.0	8.6	6.4			45.0	55.0	5.34	9.66
60.0	55.0_65.0	1	Eastern Gotland Basin	6.89	2.18	29.0	9.2	0.7			55.0	65.0	0.0	13.56
60.0	55.0_65.0	3	Eastern Gotland Basin	7.95	0.86	24.0	9.5	6.3			55.0	65.0	4.58	11.22
60.0	55.0_65.0	4	Eastern Gotland Basin	7.74	0.57	26.0	8.6	6.4			55.0	65.0	5.26	9.74
60.0	55.0_65.0	5	Eastern Gotland Basin	7.0	1.66	21.0	9.7	2.3			55.0	65.0	0.0	13.02
60.0	55.0_65.0	6	Eastern Gotland Basin	7.62	0.61	24.0	8.7	6.6			55.0	65.0	5.38	9.92
60.0	55.0_65.0	7	Eastern Gotland Basin	7.89	0.41	19.0	8.7	7.0			55.0	65.0	6.18	9.52
60.0	55.0_65.0	8	Eastern Gotland Basin	7.85	0.6	24.0	9.1	6.8			55.0	65.0	5.6	10.3
60.0	55.0_65.0	9	Eastern Gotland Basin	7.53	0.56	26.0	9.4	6.7			55.0	65.0	5.58	10.52
60.0	55.0_65.0	10	Eastern Gotland Basin	7.69	0.97	21.0	8.8	4.2			55.0	65.0	2.26	10.74
60.0	55.0_65.0	11	Eastern Gotland Basin	7.56	1.14	23.0	8.4	2.8			55.0	65.0	0.52	10.68
60.0	55.0_65.0	12	Eastern Gotland Basin	7.77	0.73	29.0	9.3	6.5			55.0	65.0	5.04	10.76
70.0	65.0_75.0	1	Eastern Gotland Basin	7.13	2.59	30.0	9.6	0.7			65.0	75.0	0.0	14.78
70.0	65.0_75.0	3	Eastern Gotland Basin	8.31	0.96	24.0	10.5	6.4			65.0	75.0	4.48	12.42
70.0	65.0_75.0	4	Eastern Gotland Basin	8.23	0.49	26.0	9.2	7.4			65.0	75.0	6.42	10.18
70.0	65.0_75.0	5	Eastern Gotland Basin	7.46	1.89	21.0	10.8	2.3			65.0	75.0	0.0	14.58
70.0	65.0_75.0	6	Eastern Gotland Basin	8.04	0.76	24.0	9.3	6.9			65.0	75.0	5.38	10.82
70.0	65.0_75.0	7	Eastern Gotland Basin	8.25	0.52	20.0	9.2	7.2			65.0	75.0	6.16	10.24
70.0	65.0_75.0	8	Eastern Gotland Basin	8.1	0.59	24.0	9.7	7.1			65.0	75.0	5.92	10.88
70.0	65.0_75.0	9	Eastern Gotland Basin	7.85	0.63	26.0	9.4	6.8			65.0	75.0	5.54	10.66
70.0	65.0_75.0	10	Eastern Gotland Basin	8.1	0.84	21.0	9.4	5.8			65.0	75.0	4.12	11.08
70.0	65.0_75.0	11	Eastern Gotland Basin	7.84	1.2	24.0	9.0	2.8			65.0	75.0	0.4	11.4
70.0	65.0_75.0	12	Eastern Gotland Basin	8.22	0.74	29.0	9.5	6.5			65.0	75.0	5.02	10.98
80.0	75.0_85.0	1	Eastern Gotland Basin	7.22	2.62	30.0	9.6	0.7			75.0	85.0	0.0	14.84
80.0	75.0_85.0	3	Eastern Gotland Basin	8.45	0.86	24.0	10.3	7.2			75.0	85.0	5.48	12.02
80.0	75.0_85.0	4	Eastern Gotland Basin	8.48	0.52	26.0	9.9	7.8			75.0	85.0	6.76	10.94
80.0	75.0_85.0	5	Eastern Gotland Basin	7.68	1.93	21.0	11.1	2.4			75.0	85.0	0.0	14.96
80.0	75.0_85.0	6	Eastern Gotland Basin	8.45	0.72	24.0	9.7	7.2			75.0	85.0	5.76	11.14
80.0	75.0_85.0	7	Eastern Gotland Basin	8.49	0.51	20.0	9.4	7.75			75.0	85.0	6.73	10.42
80.0	75.0_85.0	8	Eastern Gotland Basin	8.34	0.65	24.0	9.6	7.2			75.0	85.0	5.9	10.9
80.0	75.0_85.0	9	Eastern Gotland Basin	8.09	0.73	26.0	9.7	6.9			75.0	85.0	5.44	11.16
80.0	75.0_85.0	10	Eastern Gotland Basin	8.39	0.69	21.0	9.8	7.0			75.0	85.0	5.62	11.18
80.0	75.0_85.0	11	Eastern Gotland Basin	8.03	1.24	24.0	9.4	2.8			75.0	85.0	0.32	11.88
80.0	75.0_85.0	12	Eastern Gotland Basin	8.3	0.72	29.0	9.4	6.5			75.0	85.0	5.06	10.84
90.0	85.0_95.0	1	Eastern Gotland Basin	7.05	2.78	26.0	9.7	0.7			85.0	95.0	0.0	15.26
90.0	85.0_95.0	3	Eastern Gotland Basin	8.43	0.86	23.0	10.5	7.3			85.0	95.0	5.58	12.22
90.0	85.0_95.0	4	Eastern Gotland Basin	8.5	0.96	25.0	11.9	7.2			85.0	95.0	5.28	13.82
90.0	85.0_95.0	5	Eastern Gotland Basin	7.81	1.44	18.0	9.7	2.5			85.0	95.0	0.0	12.58
90.0	85.0_95.0	6	Eastern Gotland Basin	8.19	0.7	23.0	9.3	6.9			85.0	95.0	5.5	10.7
90.0	85.0_95.0	7	Eastern Gotland Basin	8.51	0.46	17.0	9.4	7.9			85.0	95.0	6.98	10.32
90.0	85.0_95.0	8	Eastern Gotland Basin	8.2	0.75	22.0	9.6	6.0			85.0	95.0	4.5	11.1
90.0	85.0_95.0	9	Eastern Gotland Basin	8.1	0.61	22.0	9.2	7.0			85.0	95.0	5.78	10.42
90.0	85.0_95.0	10	Eastern Gotland Basin	8.32	0.62	21.0	9.8	7.4			85.0	95.0	6.16	11.04
90.0	85.0_95.0	11	Eastern Gotland Basin	7.9	1.3	21.0	9.45	2.9			85.0	95.0	0.3	12.05
90.0	85.0_95.0	12	Eastern Gotland Basin	8.26	0.71	28.0	9.15	6.1			85.0	95.0	4.68	10.57
100.0	95.0_112.5	1	Eastern Gotland Basin	6.77	2.92	17.0	9.5	0.7			95.0	112.5	0.0	15.34
100.0	95.0_112.5	4	Eastern Gotland Basin	8.38	0.51	16.0	9.4	7.7			95.0	112.5	6.68	10.42
100.0	95.0_112.5	9	Eastern Gotland Basin	7.99	0.47	16.0	8.9	7.3			95.0	112.5	6.36	9.84
100.0	95.0_112.5	12	Eastern Gotland Basin	8.21	0.56	17.0	9.05	6.8			95.0	112.5	5.68	10.17
125.0	112.5_137.5	1	Eastern Gotland Basin	6.74	2.86	17.0	9.1	0.7			112.5	137.5	0.0	14.82
125.0	112.5_137.5	12	Eastern Gotland Basin	8.15	0.59	16.0	8.9	6.6			112.5	137.5	5.42	10.08
150.0	137.5_162.5	1	Eastern Gotland Basin	7.01	3.01	17.0	9.8	0.7			137.5	162.5	0.0	15.82
150.0	137.5_162.5	12	Eastern Gotland Basin	8.57	0.67	16.0	9.8	6.8			137.5	162.5	5.46	11.14
175.0	162.5_187.5	1	Eastern Gotland Basin	7.09	3.12	16.0	9.6	0.7			162.5	187.5	0.0	15.84
225.0	212.5_237.5	1	Eastern Gotland Basin	7.56	2.68	16.0	9.75	0.7			212.5	237.5	0.0	15.11
0.0	0_2.5	3	Kattegat	5.25	1.87	20.0	7.7	1.8			0.0	2.5	0.0	11.44
0.0	0_2.5	6	Kattegat	4.5	1.44	16.0	6.1	1.7			0.0	2.5	0.0	8.98
0.0	0_2.5	11	Kattegat	4.29	1.66	20.0	8.0	1.4			0.0	2.5	0.0	11.32
0.0	0_2.5	12	Kattegat	5.38	1.39	18.0	9.1	3.25			0.0	2.5	0.47	11.88
5.0	2.5_7.5	3	Kattegat	5.09	1.9	19.0	7.6	1.85			2.5	7.5	0.0	11.4
5.0	2.5_7.5	6	Kattegat	4.42	1.42	16.0	6.05	1.6			2.5	7.5	0.0	8.89
5.0	2.5_7.5	8	Kattegat	5.01	0.54	16.0	5.9	4.0			2.5	7.5	2.92	6.98
5.0	2.5_7.5	10	Kattegat	4.43	1.16	16.0	6.35	1.8			2.5	7.5	0.0	8.67
5.0	2.5_7.5	11	Kattegat	4.19	1.52	20.0	7.3	1.43			2.5	7.5	0.0	10.34
5.0	2.5_7.5	12	Kattegat	5.19	1.26	18.0	9.0	3.2			2.5	7.5	0.68	11.52
10.0	7.5_12.5	3	Kattegat	4.73	1.84	19.0	7.4	1.5			7.5	12.5	0.0	11.08
10.0	7.5_12.5	6	Kattegat	4.27	1.41	16.0	5.8	1.5			7.5	12.5	0.0	8.62
10.0	7.5_12.5	8	Kattegat	4.77	0.51	16.0	5.8	4.0			7.5	12.5	2.98	6.82
10.0	7.5_12.5	10	Kattegat	4.32	1.18	16.0	6.15	1.8			7.5	12.5	0.0	8.51
10.0	7.5_12.5	11	Kattegat	4.01	1.48	20.0	6.0	1.15			7.5	12.5	0.0	8.96
10.0	7.5_12.5	12	Kattegat	5.06	1.12	18.0	8.1	3.2			7.5	12.5	0.96	10.34
15.0	12.5_17.5	3	Kattegat	3.91	1.56	19.0	6.25	1.5			12.5	17.5	0.0	9.37
15.0	12.5_17.5	8	Kattegat	3.91	0.57	16.0	4.9	2.95			12.5	17.5	1.81	6.04
15.0	12.5_17.5	10	Kattegat	3.98	1.16	16.0	5.3	1.4			12.5	17.5	0.0	7.62
15.0	12.5_17.5	11	Kattegat	3.74	1.5	20.0	5.9	0.9			12.5	17.5	0.0	8.9
15.0	12.5_17.5	12	Kattegat	4.64	1.05	18.0	7.0	3.15			12.5	17.5	1.05	9.1
20.0	17.5_22.5	3	Kattegat	3.08	1.19	19.0	4.9	1.0			17.5	22.5	0.0	7.28
20.0	17.5_22.5	8	Kattegat	3.1	0.54	16.0	4.2	2.2			17.5	22.5	1.12	5.28
20.0	17.5_22.5	10	Kattegat	3.36	1.14	16.0	4.95	0.9			17.5	22.5	0.0	7.23
20.0	17.5_22.5	11	Kattegat	3.02	1.31	20.0	5.2	0.65			17.5	22.5	0.0	7.82
20.0	17.5_22.5	12	Kattegat	3.86	1.0	18.0	5.5	2.2			17.5	22.5	0.2	7.5
25.0	22.5_27.5	3	Kattegat	2.77	1.18	19.0	4.7	0.9			22.5	27.5	0.0	7.06
25.0	22.5_27.5	8	Kattegat	2.94	0.46	16.0	3.9	2.2			22.5	27.5	1.28	4.82
25.0	22.5_27.5	11	Kattegat	2.71	1.01	18.0	4.4	0.7			22.5	27.5	0.0	6.42
25.0	22.5_27.5	12	Kattegat	3.16	0.78	18.0	4.9	2.0			22.5	27.5	0.44	6.46
30.0	27.5_35.0	3	Kattegat	2.69	1.02	18.0	4.5	0.9			27.5	35.0	0.0	6.54
30.0	27.5_35.0	8	Kattegat	2.9	0.41	16.0	3.9	2.3			27.5	35.0	1.48	4.72
30.0	27.5_35.0	11	Kattegat	2.33	0.99	19.0	4.1	0.5			27.5	35.0	0.0	6.08
30.0	27.5_35.0	12	Kattegat	2.82	0.62	18.0	3.95	1.9			27.5	35.0	0.66	5.19
40.0	35.0_45.0	3	Kattegat	2.46	1.02	17.0	4.8	0.9			35.0	45.0	0.0	6.84
40.0	35.0_45.0	8	Kattegat	2.94	0.39	16.0	4.1	2.3			35.0	45.0	1.52	4.88
40.0	35.0_45.0	11	Kattegat	2.1	0.9	16.0	3.8	0.65			35.0	45.0	0.0	5.6
40.0	35.0_45.0	12	Kattegat	2.6	0.54	17.0	3.2	1.7			35.0	45.0	0.62	4.28
50.0	45.0_55.0	3	Kattegat	2.32	0.96	17.0	4.3	0.7			45.0	55.0	0.0	6.22
50.0	45.0_55.0	8	Kattegat	3.02	0.36	16.0	4.0	2.4			45.0	55.0	1.68	4.72
50.0	45.0_55.0	11	Kattegat	2.24	0.87	16.0	4.0	0.55			45.0	55.0	0.0	5.74
50.0	45.0_55.0	12	Kattegat	2.51	0.5	17.0	3.15	1.6			45.0	55.0	0.6	4.15
0.0	0_2.5	1	Western Gotland Basin	6.99	2.31	25.0	9.0	0.7			0.0	2.5	0.0	13.62
0.0	0_2.5	2	Western Gotland Basin	8.51	0.8	16.0	10.4	7.7			0.0	2.5	6.1	12.0
0.0	0_2.5	3	Western Gotland Basin	8.41	1.0	17.0	10.5	6.7			0.0	2.5	4.7	12.5
0.0	0_2.5	11	Western Gotland Basin	7.14	1.58	28.0	8.8	2.9			0.0	2.5	0.0	11.96
0.0	0_2.5	12	Western Gotland Basin	8.13	0.48	24.0	9.2	7.2			0.0	2.5	6.24	10.16
5.0	2.5_7.5	1	Western Gotland Basin	7.01	2.32	25.0	8.9	0.7			2.5	7.5	0.0	13.54
5.0	2.5_7.5	2	Western Gotland Basin	8.54	0.84	17.0	10.4	7.6			2.5	7.5	5.92	12.08
5.0	2.5_7.5	3	Western Gotland Basin	8.34	0.9	17.0	10.1	6.8			2.5	7.5	5.0	11.9
5.0	2.5_7.5	11	Western Gotland Basin	7.19	1.56	28.0	8.8	2.9			2.5	7.5	0.0	11.92
5.0	2.5_7.5	12	Western Gotland Basin	8.14	0.51	24.0	9.3	7.1			2.5	7.5	6.08	10.32
10.0	7.5_12.5	1	Western Gotland Basin	6.99	2.31	25.0	9.0	0.7			7.5	12.5	0.0	13.62
10.0	7.5_12.5	2	Western Gotland Basin	8.48	0.83	17.0	10.5	7.5			7.5	12.5	5.84	12.16
10.0	7.5_12.5	3	Western Gotland Basin	8.33	0.93	17.0	10.1	6.7			7.5	12.5	4.84	11.96
10.0	7.5_12.5	11	Western Gotland Basin	7.21	1.56	29.0	8.7	2.9			7.5	12.5	0.0	11.82
10.0	7.5_12.5	12	Western Gotland Basin	8.15	0.5	24.0	9.1	7.2			7.5	12.5	6.2	10.1
15.0	12.5_17.5	1	Western Gotland Basin	7.01	2.31	25.0	8.9	0.7			12.5	17.5	0.0	13.52
15.0	12.5_17.5	2	Western Gotland Basin	8.51	0.85	17.0	10.4	7.6			12.5	17.5	5.9	12.1
15.0	12.5_17.5	3	Western Gotland Basin	8.36	0.98	16.0	10.2	6.7			12.5	17.5	4.74	12.16
15.0	12.5_17.5	11	Western Gotland Basin	7.17	1.56	28.0	8.7	2.9			12.5	17.5	0.0	11.82
15.0	12.5_17.5	12	Western Gotland Basin	8.2	0.53	25.0	9.1	7.2			12.5	17.5	6.14	10.16
20.0	17.5_25.0	1	Western Gotland Basin	6.99	2.33	25.0	8.9	0.7			17.5	25.0	0.0	13.56
20.0	17.5_25.0	2	Western Gotland Basin	8.53	0.78	17.0	10.3	7.8			17.5	25.0	6.24	11.86
20.0	17.5_25.0	3	Western Gotland Basin	8.32	0.97	16.0	10.2	6.8			17.5	25.0	4.86	12.14
20.0	17.5_25.0	11	Western Gotland Basin	7.18	1.54	29.0	8.8	3.0			17.5	25.0	0.0	11.88
20.0	17.5_25.0	12	Western Gotland Basin	8.16	0.55	25.0	9.1	7.1			17.5	25.0	6.0	10.2
30.0	25.0_35.0	1	Western Gotland Basin	6.97	2.3	25.0	8.9	0.7			25.0	35.0	0.0	13.5
30.0	25.0_35.0	2	Western Gotland Basin	8.35	0.63	17.0	9.8	7.6			25.0	35.0	6.34	11.06
30.0	25.0_35.0	3	Western Gotland Basin	8.36	0.94	16.0	10.1	7.0			25.0	35.0	5.12	11.98
30.0	25.0_35.0	11	Western Gotland Basin	7.13	1.53	29.0	8.8	2.8			25.0	35.0	0.0	11.86
30.0	25.0_35.0	12	Western Gotland Basin	8.08	0.47	25.0	8.9	7.1			25.0	35.0	6.16	9.84
40.0	35.0_45.0	1	Western Gotland Basin	6.94	2.29	25.0	9.0	0.7			35.0	45.0	0.0	13.58
40.0	35.0_45.0	2	Western Gotland Basin	8.32	0.62	17.0	9.8	7.4			35.0	45.0	6.16	11.04
40.0	35.0_45.0	3	Western Gotland Basin	8.26	0.85	16.0	10.1	7.2			35.0	45.0	5.5	11.8
40.0	35.0_45.0	11	Western Gotland Basin	7.18	1.56	29.0	8.9	2.9			35.0	45.0	0.0	12.02
40.0	35.0_45.0	12	Western Gotland Basin	8.1	0.48	25.0	9.0	7.3			35.0	45.0	6.34	9.96
50.0	45.0_55.0	1	Western Gotland Basin	6.91	2.27	25.0	9.0	0.7			45.0	55.0	0.0	13.54
50.0	45.0_55.0	2	Western Gotland Basin	8.29	0.51	17.0	9.3	7.6			45.0	55.0	6.58	10.32
50.0	45.0_55.0	3	Western Gotland Basin	8.32	0.88	16.0	10.4	7.2			45.0	55.0	5.44	12.16
50.0	45.0_55.0	11	Western Gotland Basin	7.33	1.61	29.0	9.4	2.9			45.0	55.0	0.0	12.62
50.0	45.0_55.0	12	Western Gotland Basin	8.27	0.49	25.0	9.1	7.2			45.0	55.0	6.22	10.08
60.0	55.0_65.0	1	Western Gotland Basin	7.1	2.36	25.0	9.3	0.7			55.0	65.0	0.0	14.02
60.0	55.0_65.0	2	Western Gotland Basin	8.48	0.51	17.0	9.6	7.8			55.0	65.0	6.78	10.62
60.0	55.0_65.0	3	Western Gotland Basin	8.45	0.99	16.0	11.1	7.1			55.0	65.0	5.12	13.08
60.0	55.0_65.0	11	Western Gotland Basin	7.6	1.7	29.0	9.4	3.0			55.0	65.0	0.0	12.8
60.0	55.0_65.0	12	Western Gotland Basin	8.52	0.64	25.0	9.8	7.2			55.0	65.0	5.92	11.08
70.0	65.0_75.0	1	Western Gotland Basin	7.46	2.49	25.0	9.5	0.7			65.0	75.0	0.0	14.48
70.0	65.0_75.0	2	Western Gotland Basin	8.67	0.56	16.0	9.7	7.9			65.0	75.0	6.78	10.82
70.0	65.0_75.0	3	Western Gotland Basin	8.68	1.14	16.0	11.5	7.2			65.0	75.0	4.92	13.78
70.0	65.0_75.0	11	Western Gotland Basin	7.98	1.86	29.0	10.8	3.1			65.0	75.0	0.0	14.52
70.0	65.0_75.0	12	Western Gotland Basin	8.89	0.81	24.0	10.3	7.6			65.0	75.0	5.98	11.92
80.0	75.0_85.0	1	Western Gotland Basin	7.58	2.53	25.0	9.9	0.7			75.0	85.0	0.0	14.96
80.0	75.0_85.0	2	Western Gotland Basin	8.98	0.61	17.0	10.3	8.1			75.0	85.0	6.88	11.52
80.0	75.0_85.0	3	Western Gotland Basin	8.98	1.1	16.0	11.6	7.2			75.0	85.0	5.0	13.8
80.0	75.0_85.0	11	Western Gotland Basin	8.09	1.83	29.0	10.0	3.1			75.0	85.0	0.0	13.66
80.0	75.0_85.0	12	Western Gotland Basin	9.08	0.81	24.0	10.8	8.0			75.0	85.0	6.38	12.42
90.0	85.0_95.0	1	Western Gotland Basin	7.69	2.67	24.0	10.2	0.7			85.0	95.0	0.0	15.54
90.0	85.0_95.0	2	Western Gotland Basin	9.24	0.64	17.0	10.3	8.2			85.0	95.0	6.92	11.58
90.0	85.0_95.0	3	Western Gotland Basin	9.19	1.21	16.0	12.2	7.7			85.0	95.0	5.28	14.62
90.0	85.0_95.0	11	Western Gotland Basin	8.28	1.87	29.0	10.2	3.1			85.0	95.0	0.0	13.94
90.0	85.0_95.0	12	Western Gotland Basin	9.26	0.74	25.0	10.7	8.2			85.0	95.0	6.72	12.18
100.0	95.0_112.5	1	Western Gotland Basin	7.73	2.6	25.0	10.3	0.7			95.0	112.5	0.0	15.5
100.0	95.0_112.5	2	Western Gotland Basin	9.3	0.5	17.0	10.3	8.2			95.0	112.5	7.2	11.3
100.0	95.0_112.5	3	Western Gotland Basin	9.38	1.17	16.0	12.5	7.75			95.0	112.5	5.41	14.84
100.0	95.0_112.5	11	Western Gotland Basin	8.38	1.88	29.0	10.2	3.2			95.0	112.5	0.0	13.96
100.0	95.0_112.5	12	Western Gotland Basin	9.33	0.72	25.0	10.6	8.3			95.0	112.5	6.86	12.04
125.0	112.5_137.5	11	Western Gotland Basin	8.08	1.97	16.0	9.9	3.2			112.5	137.5	0.0	13.84
150.0	137.5_162.5	11	Western Gotland Basin	8.12	1.98	16.0	9.7	3.2			137.5	162.5	0.0	13.66
