depth	depth_interval	month	sea_basin	mean	std	count	max	min	95p	5p	min_depth	max_depth	min_range_value	max_range_value
5.0	2.5_7.5	1	12n	7.5	0.1	16.0	7.62	7.28			2.5	7.5	7.08	7.82
5.0	2.5_7.5	2	12n	7.4	0.17	20.0	7.7	7.14			2.5	7.5	6.8	8.04
5.0	2.5_7.5	3	12n	7.35	0.21	24.0	7.8	7.11			2.5	7.5	6.69	8.22
5.0	2.5_7.5	4	12n	7.56	0.27	21.0	8.0	7.19			2.5	7.5	6.65	8.54
5.0	2.5_7.5	5	12n	7.52	0.23	25.0	8.0	7.05			2.5	7.5	6.59	8.46
5.0	2.5_7.5	6	12n	7.47	0.27	25.0	8.0	7.11			2.5	7.5	6.57	8.54
5.0	2.5_7.5	7	12n	7.43	0.19	25.0	7.82	7.09			2.5	7.5	6.71	8.2
5.0	2.5_7.5	8	12n	7.5	0.24	28.0	7.85	6.81			2.5	7.5	6.33	8.33
5.0	2.5_7.5	9	12n	7.59	0.2	19.0	7.95	7.23			2.5	7.5	6.83	8.35
5.0	2.5_7.5	10	12n	7.66	0.12	18.0	7.83	7.4			2.5	7.5	7.16	8.07
5.0	2.5_7.5	11	12n	7.64	0.09	16.0	7.8	7.46			2.5	7.5	7.28	7.98
5.0	2.5_7.5	12	12n	7.59	0.11	16.0	7.71	7.4			2.5	7.5	7.18	7.93
10.0	7.5_12.5	1	12n	7.36	0.16	34.0	7.62	6.88			7.5	12.5	6.56	7.94
10.0	7.5_12.5	2	12n	7.27	0.18	37.0	7.75	7.01			7.5	12.5	6.65	8.11
10.0	7.5_12.5	3	12n	7.24	0.18	42.0	7.6	6.87			7.5	12.5	6.51	7.96
10.0	7.5_12.5	4	12n	7.26	0.24	41.0	8.0	6.68			7.5	12.5	6.2	8.48
10.0	7.5_12.5	5	12n	7.21	0.19	47.0	7.9	6.81			7.5	12.5	6.43	8.28
10.0	7.5_12.5	6	12n	7.16	0.13	47.0	7.5	6.89			7.5	12.5	6.63	7.76
10.0	7.5_12.5	7	12n	7.16	0.16	49.0	7.53	6.55			7.5	12.5	6.23	7.85
10.0	7.5_12.5	8	12n	7.25	0.27	52.0	7.95	6.46			7.5	12.5	5.92	8.49
10.0	7.5_12.5	9	12n	7.3	0.34	49.0	7.75	6.28			7.5	12.5	5.6	8.43
10.0	7.5_12.5	10	12n	7.47	0.22	46.0	7.81	6.83			7.5	12.5	6.39	8.25
10.0	7.5_12.5	11	12n	7.51	0.21	39.0	7.8	6.83			7.5	12.5	6.41	8.22
10.0	7.5_12.5	12	12n	7.46	0.17	39.0	7.7	7.09			7.5	12.5	6.75	8.04
15.0	12.5_17.5	2	12n	7.25	0.23	17.0	7.73	6.9			12.5	17.5	6.44	8.19
15.0	12.5_17.5	3	12n	7.18	0.18	17.0	7.5	6.9			12.5	17.5	6.54	7.86
15.0	12.5_17.5	5	12n	7.1	0.14	20.0	7.32	6.9			12.5	17.5	6.62	7.6
15.0	12.5_17.5	6	12n	7.07	0.13	19.0	7.25	6.79			12.5	17.5	6.53	7.51
15.0	12.5_17.5	7	12n	7.08	0.12	19.0	7.26	6.83			12.5	17.5	6.59	7.5
15.0	12.5_17.5	8	12n	7.14	0.14	24.0	7.62	6.93			12.5	17.5	6.65	7.9
15.0	12.5_17.5	9	12n	7.13	0.23	20.0	7.75	6.83			12.5	17.5	6.37	8.21
15.0	12.5_17.5	10	12n	7.19	0.18	19.0	7.5	6.94			12.5	17.5	6.58	7.86
15.0	12.5_17.5	11	12n	7.24	0.15	18.0	7.6	7.06			12.5	17.5	6.76	7.9
15.0	12.5_17.5	12	12n	7.22	0.15	17.0	7.6	7.0			12.5	17.5	6.7	7.9
0.0	0_2.5	2	16	7.53	0.38	108.0	8.95	6.6			0.0	2.5	5.84	9.71
0.0	0_2.5	3	16	7.48	0.35	52.0	8.65	6.7			0.0	2.5	6.0	9.35
0.0	0_2.5	4	16	7.81	0.39	72.0	8.5	6.9			0.0	2.5	6.12	9.28
0.0	0_2.5	5	16	7.77	0.4	93.0	9.15	6.7			0.0	2.5	5.9	9.95
0.0	0_2.5	6	16	7.83	0.27	134.0	8.7	6.9			0.0	2.5	6.36	9.24
0.0	0_2.5	7	16	7.97	0.21	46.0	8.75	7.6			0.0	2.5	7.18	9.17
0.0	0_2.5	8	16	7.88	0.24	215.0	8.7	7.1			0.0	2.5	6.62	9.18
0.0	0_2.5	9	16	7.77	0.27	102.0	8.6	6.6			0.0	2.5	6.06	9.14
0.0	0_2.5	10	16	7.76	0.22	76.0	8.0	6.8			0.0	2.5	6.36	8.44
0.0	0_2.5	11	16	7.66	0.32	92.0	8.95	6.4			0.0	2.5	5.76	9.59
0.0	0_2.5	12	16	7.78	0.16	39.0	8.0	7.3			0.0	2.5	6.98	8.32
5.0	2.5_7.5	2	16	7.68	0.22	75.0	8.0	6.8			2.5	7.5	6.36	8.44
5.0	2.5_7.5	3	16	7.57	0.25	45.0	8.0	6.9			2.5	7.5	6.4	8.5
5.0	2.5_7.5	4	16	7.89	0.41	61.0	8.5	7.0			2.5	7.5	6.18	9.32
5.0	2.5_7.5	5	16	7.84	0.25	79.0	8.2	7.1			2.5	7.5	6.6	8.7
5.0	2.5_7.5	6	16	7.84	0.22	97.0	8.5	7.3			2.5	7.5	6.86	8.94
5.0	2.5_7.5	7	16	7.89	0.3	32.0	8.75	7.4			2.5	7.5	6.8	9.35
5.0	2.5_7.5	8	16	7.75	0.28	134.0	8.8	7.1			2.5	7.5	6.54	9.36
5.0	2.5_7.5	9	16	7.77	0.2	72.0	8.6	7.1			2.5	7.5	6.7	9.0
5.0	2.5_7.5	10	16	7.76	0.19	69.0	8.0	7.13			2.5	7.5	6.75	8.38
5.0	2.5_7.5	11	16	7.71	0.14	60.0	7.9	7.2			2.5	7.5	6.92	8.18
5.0	2.5_7.5	12	16	7.8	0.11	40.0	7.95	7.53			2.5	7.5	7.31	8.17
10.0	7.5_12.5	2	16	7.66	0.31	37.0	8.0	6.5			7.5	12.5	5.88	8.62
10.0	7.5_12.5	4	16	7.87	0.38	42.0	8.5	7.3			7.5	12.5	6.54	9.26
10.0	7.5_12.5	5	16	7.88	0.11	22.0	8.1	7.7			7.5	12.5	7.48	8.32
10.0	7.5_12.5	6	16	7.72	0.21	41.0	8.1	7.3			7.5	12.5	6.88	8.52
10.0	7.5_12.5	7	16	7.45	0.27	16.0	8.2	7.05			7.5	12.5	6.51	8.74
10.0	7.5_12.5	8	16	7.5	0.23	78.0	8.1	7.0			7.5	12.5	6.54	8.56
10.0	7.5_12.5	10	16	7.77	0.17	45.0	8.0	7.2			7.5	12.5	6.86	8.34
10.0	7.5_12.5	12	16	7.84	0.08	31.0	8.0	7.7			7.5	12.5	7.54	8.16
15.0	12.5_17.5	6	16	7.7	0.2	16.0	8.0	7.4			12.5	17.5	7.0	8.4
15.0	12.5_17.5	8	16	7.37	0.2	32.0	7.8	7.0			12.5	17.5	6.6	8.2
20.0	17.5_22.5	8	16	7.48	0.28	23.0	8.0	7.0			17.5	22.5	6.44	8.56
25.0	22.5_27.5	4	16	7.88	0.33	18.0	8.4	7.4			22.5	27.5	6.74	9.06
25.0	22.5_27.5	8	16	7.24	0.15	16.0	7.5	7.0			22.5	27.5	6.7	7.8
25.0	22.5_27.5	10	16	7.64	0.28	18.0	7.9	7.0			22.5	27.5	6.44	8.46
0.0	0_2.5	2	18	7.7	0.4	60.0	8.3	6.5			0.0	2.5	5.7	9.1
0.0	0_2.5	3	18	7.28	0.29	20.0	7.8	6.8			0.0	2.5	6.22	8.38
0.0	0_2.5	4	18	8.03	0.51	17.0	8.47	6.6			0.0	2.5	5.58	9.49
0.0	0_2.5	6	18	7.86	0.59	41.0	8.53	6.5			0.0	2.5	5.32	9.71
0.0	0_2.5	7	18	8.08	0.29	27.0	8.57	7.4			0.0	2.5	6.82	9.15
0.0	0_2.5	8	18	8.01	0.37	86.0	8.8	6.88			0.0	2.5	6.14	9.54
0.0	0_2.5	9	18	7.95	0.17	18.0	8.25	7.6			0.0	2.5	7.26	8.59
0.0	0_2.5	11	18	7.55	0.35	33.0	8.29	6.59			0.0	2.5	5.89	8.99
5.0	2.5_7.5	2	18	7.75	0.28	36.0	8.05	6.87			2.5	7.5	6.31	8.61
5.0	2.5_7.5	6	18	7.97	0.52	34.0	8.53	6.5			2.5	7.5	5.46	9.57
5.0	2.5_7.5	7	18	8.07	0.31	21.0	8.52	7.59			2.5	7.5	6.97	9.14
5.0	2.5_7.5	8	18	7.92	0.39	62.0	8.7	6.82			2.5	7.5	6.04	9.48
5.0	2.5_7.5	9	18	7.96	0.15	17.0	8.25	7.6			2.5	7.5	7.3	8.55
5.0	2.5_7.5	11	18	7.59	0.19	28.0	7.94	7.25			2.5	7.5	6.87	8.32
10.0	7.5_12.5	2	18	7.8	0.22	34.0	8.07	6.86			7.5	12.5	6.42	8.51
10.0	7.5_12.5	6	18	7.9	0.52	25.0	8.5	6.6			7.5	12.5	5.56	9.54
10.0	7.5_12.5	8	18	7.89	0.27	28.0	8.3	7.24			7.5	12.5	6.7	8.84
10.0	7.5_12.5	9	18	7.79	0.28	17.0	8.23	7.36			7.5	12.5	6.8	8.79
20.0	17.5_22.5	8	18	7.46	0.23	17.0	8.0	6.96			17.5	22.5	6.5	8.46
0.0	0_2.5	1	20	7.75	0.24	29.0	8.07	7.1			0.0	2.5	6.62	8.55
0.0	0_2.5	2	20	7.57	0.39	44.0	8.02	6.8			0.0	2.5	6.02	8.8
0.0	0_2.5	3	20	7.33	0.57	92.0	8.59	5.6			0.0	2.5	4.46	9.73
0.0	0_2.5	4	20	7.56	0.58	77.0	8.46	6.1			0.0	2.5	4.94	9.62
0.0	0_2.5	5	20	7.53	0.53	102.0	8.45	6.5			0.0	2.5	5.44	9.51
0.0	0_2.5	6	20	7.56	0.42	117.0	8.31	6.4			0.0	2.5	5.56	9.15
0.0	0_2.5	7	20	7.71	0.5	69.0	9.0	6.35			0.0	2.5	5.35	10.0
0.0	0_2.5	8	20	7.68	0.42	136.0	9.1	6.5			0.0	2.5	5.66	9.94
0.0	0_2.5	9	20	7.79	0.25	45.0	8.11	7.1			0.0	2.5	6.6	8.61
0.0	0_2.5	10	20	7.59	0.33	78.0	8.21	6.8			0.0	2.5	6.14	8.87
0.0	0_2.5	11	20	7.55	0.35	46.0	8.1	6.9			0.0	2.5	6.2	8.8
0.0	0_2.5	12	20	7.79	0.23	28.0	8.15	7.0			0.0	2.5	6.54	8.61
5.0	2.5_7.5	1	20	7.84	0.15	28.0	8.06	7.38			2.5	7.5	7.08	8.36
5.0	2.5_7.5	2	20	7.78	0.3	36.0	8.53	7.1			2.5	7.5	6.5	9.13
5.0	2.5_7.5	3	20	7.82	0.32	51.0	8.54	7.07			2.5	7.5	6.43	9.18
5.0	2.5_7.5	4	20	7.93	0.3	51.0	8.46	6.97			2.5	7.5	6.37	9.06
5.0	2.5_7.5	5	20	7.91	0.37	61.0	8.46	6.5			2.5	7.5	5.76	9.2
5.0	2.5_7.5	6	20	7.84	0.31	51.0	8.27	7.0			2.5	7.5	6.38	8.89
5.0	2.5_7.5	7	20	7.89	0.25	30.0	8.46	7.1			2.5	7.5	6.6	8.96
5.0	2.5_7.5	8	20	7.83	0.25	58.0	8.5	7.2			2.5	7.5	6.7	9.0
5.0	2.5_7.5	9	20	7.87	0.14	39.0	8.06	7.4			2.5	7.5	7.12	8.34
5.0	2.5_7.5	10	20	7.79	0.22	53.0	8.16	7.0			2.5	7.5	6.56	8.6
5.0	2.5_7.5	11	20	7.82	0.15	27.0	8.1	7.41			2.5	7.5	7.11	8.4
5.0	2.5_7.5	12	20	7.84	0.17	27.0	8.16	7.5			2.5	7.5	7.16	8.5
10.0	7.5_12.5	1	20	7.84	0.16	27.0	8.03	7.41			7.5	12.5	7.09	8.35
10.0	7.5_12.5	2	20	7.78	0.26	36.0	8.11	6.9			7.5	12.5	6.38	8.63
10.0	7.5_12.5	3	20	7.81	0.32	54.0	8.53	6.9			7.5	12.5	6.26	9.17
10.0	7.5_12.5	4	20	7.88	0.29	56.0	8.31	7.0			7.5	12.5	6.42	8.89
10.0	7.5_12.5	5	20	7.84	0.32	66.0	8.45	6.9			7.5	12.5	6.26	9.09
10.0	7.5_12.5	6	20	7.73	0.31	58.0	8.26	6.7			7.5	12.5	6.08	8.88
10.0	7.5_12.5	7	20	7.79	0.18	30.0	8.18	7.32			7.5	12.5	6.96	8.54
10.0	7.5_12.5	8	20	7.7	0.27	58.0	8.17	6.6			7.5	12.5	6.06	8.71
10.0	7.5_12.5	9	20	7.82	0.15	41.0	8.04	7.36			7.5	12.5	7.06	8.34
10.0	7.5_12.5	10	20	7.76	0.23	51.0	8.14	7.0			7.5	12.5	6.54	8.6
10.0	7.5_12.5	11	20	7.74	0.21	33.0	8.1	7.2			7.5	12.5	6.78	8.52
10.0	7.5_12.5	12	20	7.84	0.17	25.0	8.15	7.51			7.5	12.5	7.17	8.49
15.0	12.5_17.5	3	20	7.68	0.38	21.0	8.41	6.99			12.5	17.5	6.23	9.17
15.0	12.5_17.5	4	20	7.75	0.31	21.0	8.25	7.06			12.5	17.5	6.44	8.87
15.0	12.5_17.5	5	20	7.62	0.29	45.0	8.1	6.7			12.5	17.5	6.12	8.68
15.0	12.5_17.5	6	20	7.57	0.21	40.0	7.98	7.0			12.5	17.5	6.58	8.4
15.0	12.5_17.5	8	20	7.55	0.25	43.0	8.23	6.5			12.5	17.5	6.0	8.73
15.0	12.5_17.5	10	20	7.65	0.22	34.0	8.1	7.2			12.5	17.5	6.76	8.54
15.0	12.5_17.5	11	20	7.67	0.27	18.0	8.1	7.0			12.5	17.5	6.46	8.64
0.0	0_2.5	2	22	7.0	0.32	23.0	7.57	6.36			0.0	2.5	5.72	8.21
0.0	0_2.5	3	22	7.04	0.27	182.0	9.9	6.5			0.0	2.5	5.96	10.44
0.0	0_2.5	4	22	7.09	0.23	34.0	7.6	6.7			0.0	2.5	6.24	8.06
0.0	0_2.5	5	22	7.17	0.32	107.0	7.72	6.3			0.0	2.5	5.66	8.36
0.0	0_2.5	6	22	7.25	0.32	245.0	8.0	5.9			0.0	2.5	5.26	8.64
0.0	0_2.5	7	22	7.44	0.37	45.0	8.1	6.8			0.0	2.5	6.06	8.84
0.0	0_2.5	8	22	7.4	0.29	247.0	8.0	6.6			0.0	2.5	6.02	8.58
0.0	0_2.5	9	22	7.41	0.28	227.0	7.96	6.6			0.0	2.5	6.04	8.52
0.0	0_2.5	10	22	7.5	0.25	54.0	7.86	6.7			0.0	2.5	6.2	8.36
0.0	0_2.5	11	22	7.52	0.27	34.0	7.84	6.6			0.0	2.5	6.06	8.38
5.0	2.5_7.5	2	22	7.28	0.32	19.0	7.68	6.8			2.5	7.5	6.16	8.32
5.0	2.5_7.5	3	22	7.17	0.25	161.0	7.7	6.6			2.5	7.5	6.1	8.2
5.0	2.5_7.5	4	22	7.23	0.28	26.0	7.6	6.8			2.5	7.5	6.24	8.16
5.0	2.5_7.5	5	22	7.25	0.31	98.0	7.72	6.35			2.5	7.5	5.73	8.34
5.0	2.5_7.5	6	22	7.32	0.32	227.0	8.0	6.7			2.5	7.5	6.06	8.64
5.0	2.5_7.5	7	22	7.43	0.34	42.0	8.0	6.7			2.5	7.5	6.02	8.68
5.0	2.5_7.5	8	22	7.42	0.28	204.0	8.1	6.7			2.5	7.5	6.14	8.66
5.0	2.5_7.5	9	22	7.44	0.28	199.0	7.87	6.6			2.5	7.5	6.04	8.43
5.0	2.5_7.5	10	22	7.55	0.23	45.0	7.87	6.8			2.5	7.5	6.34	8.33
5.0	2.5_7.5	11	22	7.62	0.14	34.0	7.83	7.22			2.5	7.5	6.94	8.11
10.0	7.5_12.5	3	22	7.34	0.26	72.0	7.74	6.7			7.5	12.5	6.18	8.26
10.0	7.5_12.5	4	22	7.4	0.19	16.0	7.61	7.0			7.5	12.5	6.62	7.99
10.0	7.5_12.5	5	22	7.32	0.29	59.0	7.8	6.5			7.5	12.5	5.92	8.38
10.0	7.5_12.5	6	22	7.29	0.3	105.0	7.83	6.7			7.5	12.5	6.1	8.43
10.0	7.5_12.5	7	22	7.35	0.35	25.0	7.82	6.7			7.5	12.5	6.0	8.52
10.0	7.5_12.5	8	22	7.35	0.26	96.0	7.8	6.8			7.5	12.5	6.28	8.32
10.0	7.5_12.5	9	22	7.4	0.28	84.0	7.84	6.6			7.5	12.5	6.04	8.4
10.0	7.5_12.5	10	22	7.6	0.19	23.0	7.86	7.3			7.5	12.5	6.92	8.24
10.0	7.5_12.5	11	22	7.62	0.15	27.0	7.85	7.28			7.5	12.5	6.98	8.15
15.0	12.5_17.5	3	22	7.27	0.38	25.0	7.7	6.5			12.5	17.5	5.74	8.46
15.0	12.5_17.5	5	22	7.3	0.33	18.0	7.7	6.7			12.5	17.5	6.04	8.36
15.0	12.5_17.5	6	22	7.36	0.35	42.0	7.8	6.4			12.5	17.5	5.7	8.5
15.0	12.5_17.5	8	22	7.39	0.24	34.0	7.8	6.8			12.5	17.5	6.32	8.28
15.0	12.5_17.5	9	22	7.42	0.29	41.0	7.8	6.8			12.5	17.5	6.22	8.38
0.0	0_2.5	8	24	8.16	0.2	17.0	8.6	7.7			0.0	2.5	7.3	9.0
0.0	0_2.5	1	Bornholm Basin	8.09	0.05	28.0	8.23	7.98			0.0	2.5	7.88	8.33
0.0	0_2.5	2	Bornholm Basin	8.1	0.08	20.0	8.38	7.9			0.0	2.5	7.74	8.54
0.0	0_2.5	3	Bornholm Basin	8.14	0.05	32.0	8.28	8.07			0.0	2.5	7.97	8.38
0.0	0_2.5	4	Bornholm Basin	8.31	0.1	30.0	8.58	8.12			0.0	2.5	7.92	8.78
0.0	0_2.5	5	Bornholm Basin	8.43	0.16	26.0	8.86	8.22			0.0	2.5	7.9	9.18
0.0	0_2.5	6	Bornholm Basin	8.37	0.12	25.0	8.67	8.1			0.0	2.5	7.86	8.91
0.0	0_2.5	7	Bornholm Basin	8.39	0.11	29.0	8.65	8.19			0.0	2.5	7.97	8.87
0.0	0_2.5	8	Bornholm Basin	8.36	0.09	27.0	8.57	8.25			0.0	2.5	8.07	8.75
0.0	0_2.5	9	Bornholm Basin	8.21	0.08	27.0	8.37	8.05			0.0	2.5	7.89	8.53
0.0	0_2.5	10	Bornholm Basin	8.18	0.1	26.0	8.53	8.04			0.0	2.5	7.84	8.73
0.0	0_2.5	11	Bornholm Basin	8.1	0.07	36.0	8.27	7.86			0.0	2.5	7.72	8.41
0.0	0_2.5	12	Bornholm Basin	8.06	0.06	26.0	8.16	7.9			0.0	2.5	7.78	8.28
5.0	2.5_7.5	1	Bornholm Basin	8.09	0.05	26.0	8.23	8.0			2.5	7.5	7.9	8.33
5.0	2.5_7.5	2	Bornholm Basin	8.09	0.05	22.0	8.16	7.9			2.5	7.5	7.8	8.26
5.0	2.5_7.5	3	Bornholm Basin	8.13	0.04	32.0	8.26	8.06			2.5	7.5	7.98	8.34
5.0	2.5_7.5	4	Bornholm Basin	8.31	0.1	30.0	8.58	8.13			2.5	7.5	7.93	8.78
5.0	2.5_7.5	5	Bornholm Basin	8.43	0.16	26.0	8.85	8.23			2.5	7.5	7.91	9.17
5.0	2.5_7.5	6	Bornholm Basin	8.37	0.12	25.0	8.68	8.11			2.5	7.5	7.87	8.92
5.0	2.5_7.5	7	Bornholm Basin	8.4	0.1	30.0	8.65	8.2			2.5	7.5	8.0	8.85
5.0	2.5_7.5	8	Bornholm Basin	8.37	0.1	27.0	8.59	8.24			2.5	7.5	8.04	8.79
5.0	2.5_7.5	9	Bornholm Basin	8.21	0.07	28.0	8.38	8.04			2.5	7.5	7.9	8.52
5.0	2.5_7.5	10	Bornholm Basin	8.16	0.07	27.0	8.32	8.06			2.5	7.5	7.92	8.46
5.0	2.5_7.5	11	Bornholm Basin	8.1	0.07	37.0	8.24	7.9			2.5	7.5	7.76	8.38
5.0	2.5_7.5	12	Bornholm Basin	8.06	0.06	26.0	8.15	7.9			2.5	7.5	7.78	8.27
10.0	7.5_12.5	1	Bornholm Basin	8.09	0.04	27.0	8.22	8.02			7.5	12.5	7.94	8.3
10.0	7.5_12.5	2	Bornholm Basin	8.1	0.02	21.0	8.12	8.06			7.5	12.5	8.02	8.16
10.0	7.5_12.5	3	Bornholm Basin	8.13	0.04	32.0	8.24	8.06			7.5	12.5	7.98	8.32
10.0	7.5_12.5	4	Bornholm Basin	8.31	0.1	30.0	8.6	8.13			7.5	12.5	7.93	8.8
10.0	7.5_12.5	5	Bornholm Basin	8.43	0.16	25.0	8.85	8.22			7.5	12.5	7.9	9.17
10.0	7.5_12.5	6	Bornholm Basin	8.37	0.11	25.0	8.64	8.12			7.5	12.5	7.9	8.86
10.0	7.5_12.5	7	Bornholm Basin	8.38	0.1	29.0	8.63	8.17			7.5	12.5	7.97	8.83
10.0	7.5_12.5	8	Bornholm Basin	8.35	0.1	26.0	8.55	8.2			7.5	12.5	8.0	8.75
10.0	7.5_12.5	9	Bornholm Basin	8.2	0.07	28.0	8.39	8.05			7.5	12.5	7.91	8.53
10.0	7.5_12.5	10	Bornholm Basin	8.15	0.06	27.0	8.28	8.06			7.5	12.5	7.94	8.4
10.0	7.5_12.5	11	Bornholm Basin	8.11	0.07	36.0	8.24	7.9			7.5	12.5	7.76	8.38
10.0	7.5_12.5	12	Bornholm Basin	8.07	0.04	25.0	8.15	7.95			7.5	12.5	7.87	8.23
15.0	12.5_17.5	1	Bornholm Basin	8.09	0.04	27.0	8.22	8.01			12.5	17.5	7.93	8.3
15.0	12.5_17.5	2	Bornholm Basin	8.1	0.02	21.0	8.12	8.06			12.5	17.5	8.02	8.16
15.0	12.5_17.5	3	Bornholm Basin	8.13	0.04	30.0	8.22	8.06			12.5	17.5	7.98	8.3
15.0	12.5_17.5	4	Bornholm Basin	8.3	0.09	28.0	8.52	8.13			12.5	17.5	7.95	8.7
15.0	12.5_17.5	5	Bornholm Basin	8.39	0.15	25.0	8.82	8.18			12.5	17.5	7.88	9.12
15.0	12.5_17.5	6	Bornholm Basin	8.35	0.1	25.0	8.62	8.14			12.5	17.5	7.94	8.82
15.0	12.5_17.5	7	Bornholm Basin	8.32	0.08	29.0	8.45	8.14			12.5	17.5	7.98	8.61
15.0	12.5_17.5	8	Bornholm Basin	8.25	0.11	26.0	8.38	7.93			12.5	17.5	7.71	8.6
15.0	12.5_17.5	9	Bornholm Basin	8.2	0.07	25.0	8.39	8.04			12.5	17.5	7.9	8.53
15.0	12.5_17.5	10	Bornholm Basin	8.15	0.05	27.0	8.27	8.07			12.5	17.5	7.97	8.37
15.0	12.5_17.5	11	Bornholm Basin	8.1	0.06	34.0	8.23	7.9			12.5	17.5	7.78	8.35
15.0	12.5_17.5	12	Bornholm Basin	8.07	0.04	25.0	8.16	7.95			12.5	17.5	7.87	8.24
20.0	17.5_25.0	1	Bornholm Basin	8.09	0.04	27.0	8.22	8.01			17.5	25.0	7.93	8.3
20.0	17.5_25.0	2	Bornholm Basin	8.09	0.02	21.0	8.11	8.05			17.5	25.0	8.01	8.15
20.0	17.5_25.0	3	Bornholm Basin	8.13	0.04	30.0	8.21	8.05			17.5	25.0	7.97	8.29
20.0	17.5_25.0	4	Bornholm Basin	8.29	0.08	28.0	8.46	8.13			17.5	25.0	7.97	8.62
20.0	17.5_25.0	5	Bornholm Basin	8.35	0.14	24.0	8.75	8.12			17.5	25.0	7.84	9.03
20.0	17.5_25.0	6	Bornholm Basin	8.29	0.1	25.0	8.53	8.13			17.5	25.0	7.93	8.73
20.0	17.5_25.0	7	Bornholm Basin	8.22	0.09	28.0	8.4	8.07			17.5	25.0	7.89	8.58
20.0	17.5_25.0	8	Bornholm Basin	8.15	0.12	25.0	8.32	7.94			17.5	25.0	7.7	8.56
20.0	17.5_25.0	9	Bornholm Basin	8.19	0.07	25.0	8.33	8.04			17.5	25.0	7.9	8.47
20.0	17.5_25.0	10	Bornholm Basin	8.14	0.05	27.0	8.23	8.05			17.5	25.0	7.95	8.33
20.0	17.5_25.0	11	Bornholm Basin	8.1	0.07	34.0	8.25	7.9			17.5	25.0	7.76	8.39
20.0	17.5_25.0	12	Bornholm Basin	8.07	0.04	25.0	8.15	7.95			17.5	25.0	7.87	8.23
30.0	25.0_35.0	1	Bornholm Basin	8.09	0.06	27.0	8.33	8.0			25.0	35.0	7.88	8.45
30.0	25.0_35.0	2	Bornholm Basin	8.09	0.02	21.0	8.12	8.05			25.0	35.0	8.01	8.16
30.0	25.0_35.0	3	Bornholm Basin	8.12	0.04	30.0	8.19	8.05			25.0	35.0	7.97	8.27
30.0	25.0_35.0	4	Bornholm Basin	8.23	0.07	28.0	8.41	8.1			25.0	35.0	7.96	8.55
30.0	25.0_35.0	5	Bornholm Basin	8.21	0.1	25.0	8.43	8.02			25.0	35.0	7.82	8.63
30.0	25.0_35.0	6	Bornholm Basin	8.16	0.08	25.0	8.35	8.02			25.0	35.0	7.86	8.51
30.0	25.0_35.0	7	Bornholm Basin	8.08	0.11	29.0	8.37	7.83			25.0	35.0	7.61	8.59
30.0	25.0_35.0	8	Bornholm Basin	7.99	0.13	26.0	8.27	7.82			25.0	35.0	7.56	8.53
30.0	25.0_35.0	9	Bornholm Basin	7.99	0.16	25.0	8.25	7.74			25.0	35.0	7.42	8.57
30.0	25.0_35.0	10	Bornholm Basin	8.06	0.15	26.0	8.21	7.67			25.0	35.0	7.37	8.51
30.0	25.0_35.0	11	Bornholm Basin	8.1	0.07	33.0	8.23	7.9			25.0	35.0	7.76	8.37
30.0	25.0_35.0	12	Bornholm Basin	8.06	0.04	24.0	8.14	7.95			25.0	35.0	7.87	8.22
40.0	35.0_45.0	1	Bornholm Basin	8.05	0.15	27.0	8.23	7.34			35.0	45.0	7.04	8.53
40.0	35.0_45.0	2	Bornholm Basin	8.09	0.04	21.0	8.21	8.04			35.0	45.0	7.96	8.29
40.0	35.0_45.0	3	Bornholm Basin	8.1	0.06	30.0	8.19	7.87			35.0	45.0	7.75	8.31
40.0	35.0_45.0	4	Bornholm Basin	8.19	0.08	26.0	8.41	8.0			35.0	45.0	7.84	8.57
40.0	35.0_45.0	5	Bornholm Basin	8.13	0.11	25.0	8.34	7.86			35.0	45.0	7.64	8.56
40.0	35.0_45.0	6	Bornholm Basin	8.06	0.08	25.0	8.23	7.89			35.0	45.0	7.73	8.39
40.0	35.0_45.0	7	Bornholm Basin	7.96	0.09	29.0	8.13	7.81			35.0	45.0	7.63	8.31
40.0	35.0_45.0	8	Bornholm Basin	7.88	0.09	26.0	8.07	7.72			35.0	45.0	7.54	8.25
40.0	35.0_45.0	9	Bornholm Basin	7.83	0.11	25.0	8.02	7.5			35.0	45.0	7.28	8.24
40.0	35.0_45.0	10	Bornholm Basin	7.88	0.17	26.0	8.13	7.59			35.0	45.0	7.25	8.47
40.0	35.0_45.0	11	Bornholm Basin	7.97	0.2	34.0	8.2	7.5			35.0	45.0	7.1	8.6
40.0	35.0_45.0	12	Bornholm Basin	8.02	0.12	25.0	8.13	7.61			35.0	45.0	7.37	8.37
50.0	45.0_55.0	1	Bornholm Basin	7.91	0.21	25.0	8.14	7.37			45.0	55.0	6.95	8.56
50.0	45.0_55.0	2	Bornholm Basin	7.95	0.14	20.0	8.11	7.69			45.0	55.0	7.41	8.39
50.0	45.0_55.0	3	Bornholm Basin	7.93	0.16	29.0	8.12	7.45			45.0	55.0	7.13	8.44
50.0	45.0_55.0	4	Bornholm Basin	8.04	0.15	28.0	8.28	7.72			45.0	55.0	7.42	8.58
50.0	45.0_55.0	5	Bornholm Basin	7.95	0.15	25.0	8.22	7.64			45.0	55.0	7.34	8.52
50.0	45.0_55.0	6	Bornholm Basin	7.93	0.1	25.0	8.12	7.76			45.0	55.0	7.56	8.32
50.0	45.0_55.0	7	Bornholm Basin	7.81	0.1	29.0	8.02	7.62			45.0	55.0	7.42	8.22
50.0	45.0_55.0	8	Bornholm Basin	7.76	0.1	25.0	8.05	7.6			45.0	55.0	7.4	8.25
50.0	45.0_55.0	9	Bornholm Basin	7.71	0.14	25.0	7.93	7.36			45.0	55.0	7.08	8.21
50.0	45.0_55.0	10	Bornholm Basin	7.67	0.1	26.0	7.97	7.53			45.0	55.0	7.33	8.17
50.0	45.0_55.0	11	Bornholm Basin	7.69	0.16	31.0	8.09	7.49			45.0	55.0	7.17	8.41
50.0	45.0_55.0	12	Bornholm Basin	7.79	0.22	25.0	8.11	7.48			45.0	55.0	7.04	8.55
60.0	55.0_65.0	1	Bornholm Basin	7.61	0.15	25.0	7.99	7.31			55.0	65.0	7.01	8.29
60.0	55.0_65.0	2	Bornholm Basin	7.66	0.15	21.0	7.99	7.39			55.0	65.0	7.09	8.29
60.0	55.0_65.0	3	Bornholm Basin	7.68	0.17	29.0	8.04	7.45			55.0	65.0	7.11	8.38
60.0	55.0_65.0	4	Bornholm Basin	7.77	0.17	26.0	8.11	7.46			55.0	65.0	7.12	8.45
60.0	55.0_65.0	5	Bornholm Basin	7.71	0.13	24.0	7.93	7.49			55.0	65.0	7.23	8.19
60.0	55.0_65.0	6	Bornholm Basin	7.7	0.11	24.0	7.88	7.49			55.0	65.0	7.27	8.1
60.0	55.0_65.0	7	Bornholm Basin	7.64	0.1	28.0	7.81	7.41			55.0	65.0	7.21	8.01
60.0	55.0_65.0	8	Bornholm Basin	7.63	0.09	25.0	7.82	7.47			55.0	65.0	7.29	8.0
60.0	55.0_65.0	9	Bornholm Basin	7.57	0.12	24.0	7.78	7.27			55.0	65.0	7.03	8.02
60.0	55.0_65.0	10	Bornholm Basin	7.53	0.1	26.0	7.71	7.36			55.0	65.0	7.16	7.91
60.0	55.0_65.0	11	Bornholm Basin	7.51	0.11	31.0	7.83	7.34			55.0	65.0	7.12	8.05
60.0	55.0_65.0	12	Bornholm Basin	7.53	0.09	25.0	7.74	7.33			55.0	65.0	7.15	7.92
70.0	65.0_75.0	1	Bornholm Basin	7.46	0.12	25.0	7.79	7.3			65.0	75.0	7.06	8.03
70.0	65.0_75.0	2	Bornholm Basin	7.5	0.15	20.0	7.77	7.27			65.0	75.0	6.97	8.07
70.0	65.0_75.0	3	Bornholm Basin	7.54	0.17	29.0	7.98	7.29			65.0	75.0	6.95	8.32
70.0	65.0_75.0	4	Bornholm Basin	7.58	0.15	26.0	7.89	7.33			65.0	75.0	7.03	8.19
70.0	65.0_75.0	5	Bornholm Basin	7.52	0.13	23.0	7.84	7.28			65.0	75.0	7.02	8.1
70.0	65.0_75.0	6	Bornholm Basin	7.47	0.13	24.0	7.77	7.31			65.0	75.0	7.05	8.03
70.0	65.0_75.0	7	Bornholm Basin	7.44	0.1	29.0	7.66	7.28			65.0	75.0	7.08	7.86
70.0	65.0_75.0	8	Bornholm Basin	7.44	0.12	26.0	7.82	7.26			65.0	75.0	7.02	8.06
70.0	65.0_75.0	9	Bornholm Basin	7.39	0.12	24.0	7.68	7.24			65.0	75.0	7.0	7.92
70.0	65.0_75.0	10	Bornholm Basin	7.4	0.11	25.0	7.65	7.25			65.0	75.0	7.03	7.87
70.0	65.0_75.0	11	Bornholm Basin	7.38	0.09	31.0	7.67	7.24			65.0	75.0	7.06	7.85
70.0	65.0_75.0	12	Bornholm Basin	7.4	0.1	25.0	7.65	7.26			65.0	75.0	7.06	7.85
80.0	75.0_85.0	1	Bornholm Basin	7.41	0.09	26.0	7.57	7.26			75.0	85.0	7.08	7.75
80.0	75.0_85.0	2	Bornholm Basin	7.45	0.16	21.0	7.89	7.28			75.0	85.0	6.96	8.21
80.0	75.0_85.0	3	Bornholm Basin	7.45	0.19	28.0	7.96	7.27			75.0	85.0	6.89	8.34
80.0	75.0_85.0	4	Bornholm Basin	7.47	0.17	27.0	7.87	7.25			75.0	85.0	6.91	8.21
80.0	75.0_85.0	5	Bornholm Basin	7.42	0.13	25.0	7.75	7.29			75.0	85.0	7.03	8.01
80.0	75.0_85.0	6	Bornholm Basin	7.39	0.12	23.0	7.68	7.27			75.0	85.0	7.03	7.92
80.0	75.0_85.0	7	Bornholm Basin	7.37	0.1	28.0	7.65	7.24			75.0	85.0	7.04	7.85
80.0	75.0_85.0	8	Bornholm Basin	7.36	0.07	25.0	7.52	7.24			75.0	85.0	7.1	7.66
80.0	75.0_85.0	9	Bornholm Basin	7.33	0.1	24.0	7.61	7.09			75.0	85.0	6.89	7.81
80.0	75.0_85.0	10	Bornholm Basin	7.33	0.08	26.0	7.57	7.22			75.0	85.0	7.06	7.73
80.0	75.0_85.0	11	Bornholm Basin	7.39	0.17	30.0	8.15	7.25			75.0	85.0	6.91	8.49
80.0	75.0_85.0	12	Bornholm Basin	7.36	0.1	25.0	7.76	7.25			75.0	85.0	7.05	7.96
90.0	85.0_95.0	7	Bornholm Basin	7.37	0.08	17.0	7.58	7.29			85.0	95.0	7.13	7.74
90.0	85.0_95.0	10	Bornholm Basin	7.33	0.07	16.0	7.48	7.25			85.0	95.0	7.11	7.62
0.0	0_2.5	1	Bothnian Bay	7.78	0.23	48.0	8.26	6.78			0.0	2.5	6.32	8.72
0.0	0_2.5	2	Bothnian Bay	7.72	0.21	25.0	7.95	7.21			0.0	2.5	6.79	8.37
0.0	0_2.5	3	Bothnian Bay	7.73	0.23	28.0	8.07	7.0			0.0	2.5	6.54	8.53
0.0	0_2.5	4	Bothnian Bay	7.79	0.22	24.0	8.14	6.96			0.0	2.5	6.52	8.58
0.0	0_2.5	5	Bothnian Bay	7.8	0.16	28.0	8.19	7.4			0.0	2.5	7.08	8.51
0.0	0_2.5	6	Bothnian Bay	7.88	0.21	30.0	8.24	7.44			0.0	2.5	7.02	8.66
0.0	0_2.5	7	Bothnian Bay	7.99	0.25	21.0	8.32	7.37			0.0	2.5	6.87	8.82
0.0	0_2.5	8	Bothnian Bay	7.89	0.19	38.0	8.35	7.43			0.0	2.5	7.05	8.73
0.0	0_2.5	9	Bothnian Bay	7.79	0.21	24.0	8.08	7.42			0.0	2.5	7.0	8.5
0.0	0_2.5	10	Bothnian Bay	7.77	0.25	21.0	8.23	6.98			0.0	2.5	6.48	8.73
0.0	0_2.5	11	Bothnian Bay	7.73	0.18	27.0	8.14	7.2			0.0	2.5	6.84	8.5
0.0	0_2.5	12	Bothnian Bay	7.82	0.13	51.0	8.02	7.4			0.0	2.5	7.14	8.28
5.0	2.5_7.5	1	Bothnian Bay	7.8	0.19	48.0	8.0	6.81			2.5	7.5	6.43	8.38
5.0	2.5_7.5	2	Bothnian Bay	7.73	0.21	25.0	7.93	7.28			2.5	7.5	6.86	8.35
5.0	2.5_7.5	3	Bothnian Bay	7.74	0.22	28.0	8.02	7.04			2.5	7.5	6.6	8.46
5.0	2.5_7.5	4	Bothnian Bay	7.8	0.2	24.0	8.22	7.12			2.5	7.5	6.72	8.62
5.0	2.5_7.5	5	Bothnian Bay	7.8	0.12	27.0	8.05	7.58			2.5	7.5	7.34	8.29
5.0	2.5_7.5	6	Bothnian Bay	7.91	0.17	31.0	8.23	7.47			2.5	7.5	7.13	8.57
5.0	2.5_7.5	7	Bothnian Bay	8.04	0.25	19.0	8.35	7.42			2.5	7.5	6.92	8.85
5.0	2.5_7.5	8	Bothnian Bay	7.92	0.19	36.0	8.37	7.49			2.5	7.5	7.11	8.75
5.0	2.5_7.5	9	Bothnian Bay	7.83	0.17	24.0	8.07	7.42			2.5	7.5	7.08	8.41
5.0	2.5_7.5	10	Bothnian Bay	7.8	0.2	21.0	8.22	7.23			2.5	7.5	6.83	8.62
5.0	2.5_7.5	11	Bothnian Bay	7.75	0.17	27.0	8.03	7.14			2.5	7.5	6.8	8.37
5.0	2.5_7.5	12	Bothnian Bay	7.83	0.12	52.0	7.99	7.46			2.5	7.5	7.22	8.23
10.0	7.5_12.5	1	Bothnian Bay	7.81	0.2	44.0	8.01	6.83			7.5	12.5	6.43	8.41
10.0	7.5_12.5	2	Bothnian Bay	7.72	0.2	23.0	7.92	7.3			7.5	12.5	6.9	8.32
10.0	7.5_12.5	3	Bothnian Bay	7.74	0.21	26.0	8.01	7.01			7.5	12.5	6.59	8.43
10.0	7.5_12.5	4	Bothnian Bay	7.82	0.18	24.0	8.23	7.21			7.5	12.5	6.85	8.59
10.0	7.5_12.5	5	Bothnian Bay	7.82	0.12	28.0	8.05	7.59			7.5	12.5	7.35	8.29
10.0	7.5_12.5	6	Bothnian Bay	7.92	0.15	29.0	8.26	7.49			7.5	12.5	7.19	8.56
10.0	7.5_12.5	7	Bothnian Bay	7.98	0.21	21.0	8.29	7.44			7.5	12.5	7.02	8.71
10.0	7.5_12.5	8	Bothnian Bay	7.9	0.18	38.0	8.34	7.48			7.5	12.5	7.12	8.7
10.0	7.5_12.5	9	Bothnian Bay	7.83	0.16	24.0	8.06	7.47			7.5	12.5	7.15	8.38
10.0	7.5_12.5	10	Bothnian Bay	7.81	0.2	21.0	8.22	7.28			7.5	12.5	6.88	8.62
10.0	7.5_12.5	11	Bothnian Bay	7.75	0.18	27.0	8.05	7.11			7.5	12.5	6.75	8.41
10.0	7.5_12.5	12	Bothnian Bay	7.83	0.11	50.0	8.04	7.5			7.5	12.5	7.28	8.26
15.0	12.5_17.5	11	Bothnian Bay	7.79	0.19	17.0	7.96	7.16			12.5	17.5	6.78	8.34
15.0	12.5_17.5	12	Bothnian Bay	7.85	0.11	27.0	7.99	7.51			12.5	17.5	7.29	8.21
20.0	17.5_25.0	1	Bothnian Bay	7.78	0.28	16.0	8.01	6.83			17.5	25.0	6.27	8.57
20.0	17.5_25.0	6	Bothnian Bay	7.9	0.18	16.0	8.17	7.49			17.5	25.0	7.13	8.53
20.0	17.5_25.0	8	Bothnian Bay	7.83	0.17	27.0	8.19	7.42			17.5	25.0	7.08	8.53
20.0	17.5_25.0	11	Bothnian Bay	7.77	0.17	25.0	8.04	7.17			17.5	25.0	6.83	8.38
20.0	17.5_25.0	12	Bothnian Bay	7.87	0.09	25.0	7.99	7.52			17.5	25.0	7.34	8.17
30.0	25.0_35.0	12	Bothnian Bay	7.89	0.04	24.0	8.0	7.84			25.0	35.0	7.76	8.08
40.0	35.0_45.0	6	Bothnian Bay	7.87	0.1	16.0	8.05	7.69			35.0	45.0	7.49	8.25
40.0	35.0_45.0	8	Bothnian Bay	7.78	0.08	19.0	7.93	7.61			35.0	45.0	7.45	8.09
40.0	35.0_45.0	12	Bothnian Bay	7.86	0.06	30.0	8.0	7.73			35.0	45.0	7.61	8.12
50.0	45.0_55.0	12	Bothnian Bay	7.79	0.12	22.0	7.98	7.6			45.0	55.0	7.36	8.22
60.0	55.0_65.0	6	Bothnian Bay	7.8	0.11	16.0	7.99	7.57			55.0	65.0	7.35	8.21
60.0	55.0_65.0	8	Bothnian Bay	7.7	0.07	19.0	7.82	7.53			55.0	65.0	7.39	7.96
60.0	55.0_65.0	12	Bothnian Bay	7.68	0.09	30.0	7.91	7.58			55.0	65.0	7.4	8.09
70.0	65.0_75.0	12	Bothnian Bay	7.66	0.08	23.0	7.84	7.56			65.0	75.0	7.4	8.0
80.0	75.0_85.0	6	Bothnian Bay	7.76	0.1	17.0	7.91	7.6			75.0	85.0	7.4	8.11
80.0	75.0_85.0	8	Bothnian Bay	7.67	0.06	16.0	7.75	7.53			75.0	85.0	7.41	7.87
80.0	75.0_85.0	12	Bothnian Bay	7.6	0.07	29.0	7.82	7.5			75.0	85.0	7.36	7.96
90.0	85.0_95.0	12	Bothnian Bay	7.59	0.05	22.0	7.69	7.5			85.0	95.0	7.4	7.79
100.0	95.0_112.5	12	Bothnian Bay	7.57	0.06	22.0	7.69	7.44			95.0	112.5	7.32	7.81
125.0	112.5_137.5	12	Bothnian Bay	7.54	0.05	16.0	7.66	7.46			112.5	137.5	7.36	7.76
0.0	0_2.5	1	Bothnian Sea	7.89	0.15	56.0	8.1	7.37			0.0	2.5	7.07	8.4
0.0	0_2.5	2	Bothnian Sea	7.84	0.2	44.0	8.02	7.15			0.0	2.5	6.75	8.42
0.0	0_2.5	3	Bothnian Sea	7.88	0.18	16.0	8.07	7.51			0.0	2.5	7.15	8.43
0.0	0_2.5	4	Bothnian Sea	8.08	0.2	32.0	8.35	7.52			0.0	2.5	7.12	8.75
0.0	0_2.5	5	Bothnian Sea	8.23	0.18	32.0	8.52	7.87			0.0	2.5	7.51	8.88
0.0	0_2.5	6	Bothnian Sea	8.34	0.18	30.0	8.69	7.98			0.0	2.5	7.62	9.05
0.0	0_2.5	7	Bothnian Sea	8.23	0.21	20.0	8.71	7.77			0.0	2.5	7.35	9.13
0.0	0_2.5	8	Bothnian Sea	8.15	0.23	41.0	8.49	7.66			0.0	2.5	7.2	8.95
0.0	0_2.5	9	Bothnian Sea	8.17	0.14	23.0	8.42	7.96			0.0	2.5	7.68	8.7
0.0	0_2.5	10	Bothnian Sea	7.86	0.25	25.0	8.38	7.28			0.0	2.5	6.78	8.88
0.0	0_2.5	11	Bothnian Sea	7.97	0.1	37.0	8.14	7.73			0.0	2.5	7.53	8.34
0.0	0_2.5	12	Bothnian Sea	7.94	0.13	68.0	8.13	7.39			0.0	2.5	7.13	8.39
5.0	2.5_7.5	1	Bothnian Sea	7.91	0.14	56.0	8.1	7.42			2.5	7.5	7.14	8.38
5.0	2.5_7.5	2	Bothnian Sea	7.87	0.18	44.0	8.09	7.3			2.5	7.5	6.94	8.45
5.0	2.5_7.5	3	Bothnian Sea	7.9	0.18	16.0	8.14	7.52			2.5	7.5	7.16	8.5
5.0	2.5_7.5	4	Bothnian Sea	8.09	0.2	32.0	8.33	7.54			2.5	7.5	7.14	8.73
5.0	2.5_7.5	5	Bothnian Sea	8.23	0.2	33.0	8.53	7.8			2.5	7.5	7.4	8.93
5.0	2.5_7.5	6	Bothnian Sea	8.36	0.16	30.0	8.7	8.06			2.5	7.5	7.74	9.02
5.0	2.5_7.5	7	Bothnian Sea	8.28	0.17	18.0	8.71	7.92			2.5	7.5	7.58	9.05
5.0	2.5_7.5	8	Bothnian Sea	8.21	0.18	39.0	8.53	7.61			2.5	7.5	7.25	8.89
5.0	2.5_7.5	9	Bothnian Sea	8.16	0.16	23.0	8.43	7.84			2.5	7.5	7.52	8.75
5.0	2.5_7.5	10	Bothnian Sea	7.92	0.2	25.0	8.43	7.47			2.5	7.5	7.07	8.83
5.0	2.5_7.5	11	Bothnian Sea	7.98	0.09	37.0	8.14	7.8			2.5	7.5	7.62	8.32
5.0	2.5_7.5	12	Bothnian Sea	7.95	0.12	69.0	8.12	7.41			2.5	7.5	7.17	8.36
10.0	7.5_12.5	1	Bothnian Sea	7.91	0.14	54.0	8.11	7.43			7.5	12.5	7.15	8.39
10.0	7.5_12.5	2	Bothnian Sea	7.88	0.19	40.0	8.17	7.23			7.5	12.5	6.85	8.55
10.0	7.5_12.5	3	Bothnian Sea	7.9	0.18	16.0	8.17	7.53			7.5	12.5	7.17	8.53
10.0	7.5_12.5	4	Bothnian Sea	8.09	0.2	32.0	8.34	7.58			7.5	12.5	7.18	8.74
10.0	7.5_12.5	5	Bothnian Sea	8.25	0.21	33.0	8.9	7.89			7.5	12.5	7.47	9.32
10.0	7.5_12.5	6	Bothnian Sea	8.34	0.16	30.0	8.69	8.08			7.5	12.5	7.76	9.01
10.0	7.5_12.5	7	Bothnian Sea	8.24	0.19	20.0	8.72	7.82			7.5	12.5	7.44	9.1
10.0	7.5_12.5	8	Bothnian Sea	8.18	0.15	41.0	8.51	7.74			7.5	12.5	7.44	8.81
10.0	7.5_12.5	9	Bothnian Sea	8.16	0.14	23.0	8.43	7.94			7.5	12.5	7.66	8.71
10.0	7.5_12.5	10	Bothnian Sea	7.93	0.2	25.0	8.42	7.49			7.5	12.5	7.09	8.82
10.0	7.5_12.5	11	Bothnian Sea	7.97	0.09	37.0	8.14	7.7			7.5	12.5	7.52	8.32
10.0	7.5_12.5	12	Bothnian Sea	7.95	0.12	66.0	8.22	7.43			7.5	12.5	7.19	8.46
15.0	12.5_17.5	11	Bothnian Sea	7.98	0.11	28.0	8.14	7.69			12.5	17.5	7.47	8.36
15.0	12.5_17.5	12	Bothnian Sea	8.0	0.08	33.0	8.14	7.77			12.5	17.5	7.61	8.3
20.0	17.5_25.0	1	Bothnian Sea	7.93	0.12	17.0	8.14	7.67			17.5	25.0	7.43	8.38
20.0	17.5_25.0	4	Bothnian Sea	8.01	0.2	20.0	8.33	7.59			17.5	25.0	7.19	8.73
20.0	17.5_25.0	5	Bothnian Sea	8.1	0.15	19.0	8.38	7.87			17.5	25.0	7.57	8.68
20.0	17.5_25.0	6	Bothnian Sea	8.3	0.21	16.0	8.68	8.11			17.5	25.0	7.69	9.1
20.0	17.5_25.0	8	Bothnian Sea	8.01	0.13	27.0	8.3	7.84			17.5	25.0	7.58	8.56
20.0	17.5_25.0	11	Bothnian Sea	7.98	0.09	34.0	8.14	7.76			17.5	25.0	7.58	8.32
20.0	17.5_25.0	12	Bothnian Sea	7.97	0.11	33.0	8.13	7.6			17.5	25.0	7.38	8.35
30.0	25.0_35.0	11	Bothnian Sea	7.97	0.09	23.0	8.11	7.69			25.0	35.0	7.51	8.29
30.0	25.0_35.0	12	Bothnian Sea	8.02	0.04	28.0	8.14	7.92			25.0	35.0	7.84	8.22
40.0	35.0_45.0	6	Bothnian Sea	8.1	0.17	20.0	8.41	7.9			35.0	45.0	7.56	8.75
40.0	35.0_45.0	8	Bothnian Sea	7.88	0.1	18.0	8.12	7.69			35.0	45.0	7.49	8.32
40.0	35.0_45.0	11	Bothnian Sea	7.97	0.07	23.0	8.11	7.83			35.0	45.0	7.69	8.25
40.0	35.0_45.0	12	Bothnian Sea	7.98	0.06	40.0	8.12	7.77			35.0	45.0	7.65	8.24
50.0	45.0_55.0	11	Bothnian Sea	7.95	0.1	22.0	8.13	7.73			45.0	55.0	7.53	8.33
50.0	45.0_55.0	12	Bothnian Sea	7.93	0.14	28.0	8.11	7.62			45.0	55.0	7.34	8.39
60.0	55.0_65.0	6	Bothnian Sea	7.93	0.17	18.0	8.3	7.67			55.0	65.0	7.33	8.64
60.0	55.0_65.0	8	Bothnian Sea	7.76	0.15	18.0	8.04	7.5			55.0	65.0	7.2	8.34
60.0	55.0_65.0	11	Bothnian Sea	7.86	0.17	23.0	8.14	7.58			55.0	65.0	7.24	8.48
60.0	55.0_65.0	12	Bothnian Sea	7.8	0.17	40.0	8.1	7.51			55.0	65.0	7.17	8.44
70.0	65.0_75.0	11	Bothnian Sea	7.84	0.16	18.0	8.13	7.59			65.0	75.0	7.27	8.45
70.0	65.0_75.0	12	Bothnian Sea	7.73	0.14	28.0	8.11	7.52			65.0	75.0	7.24	8.39
80.0	75.0_85.0	6	Bothnian Sea	7.74	0.23	16.0	8.14	7.45			75.0	85.0	6.99	8.6
80.0	75.0_85.0	11	Bothnian Sea	7.73	0.16	19.0	7.93	7.4			75.0	85.0	7.08	8.25
80.0	75.0_85.0	12	Bothnian Sea	7.67	0.12	39.0	7.95	7.47			75.0	85.0	7.23	8.19
90.0	85.0_95.0	11	Bothnian Sea	7.74	0.1	17.0	7.89	7.57			85.0	95.0	7.37	8.09
90.0	85.0_95.0	12	Bothnian Sea	7.67	0.09	28.0	7.9	7.49			85.0	95.0	7.31	8.08
100.0	95.0_112.5	11	Bothnian Sea	7.72	0.1	17.0	7.88	7.53			95.0	112.5	7.33	8.08
100.0	95.0_112.5	12	Bothnian Sea	7.64	0.08	28.0	7.83	7.44			95.0	112.5	7.28	7.99
125.0	112.5_137.5	12	Bothnian Sea	7.62	0.08	25.0	7.77	7.43			112.5	137.5	7.27	7.93
150.0	137.5_162.5	12	Bothnian Sea	7.53	0.1	26.0	7.77	7.37			137.5	162.5	7.17	7.97
200.0	187.5_212.5	12	Bothnian Sea	7.52	0.09	20.0	7.65	7.37			187.5	212.5	7.19	7.83
0.0	0_2.5	1	Eastern Gotland Basin	8.08	0.06	38.0	8.24	7.95			0.0	2.5	7.83	8.36
0.0	0_2.5	2	Eastern Gotland Basin	8.1	0.04	26.0	8.25	8.03			0.0	2.5	7.95	8.33
0.0	0_2.5	3	Eastern Gotland Basin	8.1	0.04	39.0	8.19	8.02			0.0	2.5	7.94	8.27
0.0	0_2.5	4	Eastern Gotland Basin	8.26	0.11	41.0	8.55	8.07			0.0	2.5	7.85	8.77
0.0	0_2.5	5	Eastern Gotland Basin	8.51	0.16	34.0	8.98	8.2			0.0	2.5	7.88	9.3
0.0	0_2.5	6	Eastern Gotland Basin	8.53	0.17	34.0	8.92	8.29			0.0	2.5	7.95	9.26
0.0	0_2.5	7	Eastern Gotland Basin	8.53	0.11	36.0	8.73	8.26			0.0	2.5	8.04	8.95
0.0	0_2.5	8	Eastern Gotland Basin	8.47	0.1	35.0	8.67	8.28			0.0	2.5	8.08	8.87
0.0	0_2.5	9	Eastern Gotland Basin	8.28	0.09	34.0	8.57	8.09			0.0	2.5	7.91	8.75
0.0	0_2.5	10	Eastern Gotland Basin	8.19	0.06	34.0	8.32	8.03			0.0	2.5	7.91	8.44
0.0	0_2.5	11	Eastern Gotland Basin	8.12	0.04	44.0	8.24	8.04			0.0	2.5	7.96	8.32
0.0	0_2.5	12	Eastern Gotland Basin	8.07	0.05	34.0	8.14	7.92			0.0	2.5	7.82	8.24
5.0	2.5_7.5	1	Eastern Gotland Basin	8.08	0.06	39.0	8.21	7.96			2.5	7.5	7.84	8.33
5.0	2.5_7.5	2	Eastern Gotland Basin	8.1	0.08	27.0	8.47	8.03			2.5	7.5	7.87	8.63
5.0	2.5_7.5	3	Eastern Gotland Basin	8.1	0.04	38.0	8.18	8.02			2.5	7.5	7.94	8.26
5.0	2.5_7.5	4	Eastern Gotland Basin	8.26	0.12	41.0	8.57	8.08			2.5	7.5	7.84	8.81
5.0	2.5_7.5	5	Eastern Gotland Basin	8.52	0.15	34.0	8.97	8.23			2.5	7.5	7.93	9.27
5.0	2.5_7.5	6	Eastern Gotland Basin	8.53	0.17	34.0	8.96	8.29			2.5	7.5	7.95	9.3
5.0	2.5_7.5	7	Eastern Gotland Basin	8.54	0.11	38.0	8.74	8.31			2.5	7.5	8.09	8.96
5.0	2.5_7.5	8	Eastern Gotland Basin	8.48	0.09	35.0	8.67	8.29			2.5	7.5	8.11	8.85
5.0	2.5_7.5	9	Eastern Gotland Basin	8.28	0.1	33.0	8.59	8.1			2.5	7.5	7.9	8.79
5.0	2.5_7.5	10	Eastern Gotland Basin	8.19	0.09	33.0	8.58	8.04			2.5	7.5	7.86	8.76
5.0	2.5_7.5	11	Eastern Gotland Basin	8.11	0.04	44.0	8.22	8.02			2.5	7.5	7.94	8.3
5.0	2.5_7.5	12	Eastern Gotland Basin	8.07	0.04	35.0	8.14	7.94			2.5	7.5	7.86	8.22
10.0	7.5_12.5	1	Eastern Gotland Basin	8.07	0.06	38.0	8.2	7.95			7.5	12.5	7.83	8.32
10.0	7.5_12.5	2	Eastern Gotland Basin	8.08	0.03	27.0	8.15	8.03			7.5	12.5	7.97	8.21
10.0	7.5_12.5	3	Eastern Gotland Basin	8.1	0.04	38.0	8.19	8.0			7.5	12.5	7.92	8.27
10.0	7.5_12.5	4	Eastern Gotland Basin	8.26	0.11	41.0	8.57	8.11			7.5	12.5	7.89	8.79
10.0	7.5_12.5	5	Eastern Gotland Basin	8.52	0.16	34.0	8.98	8.21			7.5	12.5	7.89	9.3
10.0	7.5_12.5	6	Eastern Gotland Basin	8.52	0.17	33.0	8.93	8.27			7.5	12.5	7.93	9.27
10.0	7.5_12.5	7	Eastern Gotland Basin	8.52	0.1	36.0	8.72	8.3			7.5	12.5	8.1	8.92
10.0	7.5_12.5	8	Eastern Gotland Basin	8.46	0.09	35.0	8.66	8.31			7.5	12.5	8.13	8.84
10.0	7.5_12.5	9	Eastern Gotland Basin	8.28	0.1	33.0	8.6	8.1			7.5	12.5	7.9	8.8
10.0	7.5_12.5	10	Eastern Gotland Basin	8.18	0.07	34.0	8.41	8.06			7.5	12.5	7.92	8.55
10.0	7.5_12.5	11	Eastern Gotland Basin	8.11	0.04	44.0	8.21	8.03			7.5	12.5	7.95	8.29
10.0	7.5_12.5	12	Eastern Gotland Basin	8.07	0.05	35.0	8.16	7.94			7.5	12.5	7.84	8.26
15.0	12.5_17.5	1	Eastern Gotland Basin	8.07	0.06	38.0	8.2	7.95			12.5	17.5	7.83	8.32
15.0	12.5_17.5	2	Eastern Gotland Basin	8.09	0.04	24.0	8.17	8.04			12.5	17.5	7.96	8.25
15.0	12.5_17.5	3	Eastern Gotland Basin	8.1	0.04	37.0	8.18	7.99			12.5	17.5	7.91	8.26
15.0	12.5_17.5	4	Eastern Gotland Basin	8.25	0.1	39.0	8.49	8.1			12.5	17.5	7.9	8.69
15.0	12.5_17.5	5	Eastern Gotland Basin	8.49	0.16	34.0	8.98	8.2			12.5	17.5	7.88	9.3
15.0	12.5_17.5	6	Eastern Gotland Basin	8.51	0.17	32.0	8.97	8.26			12.5	17.5	7.92	9.31
15.0	12.5_17.5	7	Eastern Gotland Basin	8.4	0.15	37.0	8.74	8.04			12.5	17.5	7.74	9.04
15.0	12.5_17.5	8	Eastern Gotland Basin	8.39	0.11	35.0	8.65	8.09			12.5	17.5	7.87	8.87
15.0	12.5_17.5	9	Eastern Gotland Basin	8.26	0.09	32.0	8.54	8.06			12.5	17.5	7.88	8.72
15.0	12.5_17.5	10	Eastern Gotland Basin	8.18	0.07	31.0	8.34	8.07			12.5	17.5	7.93	8.48
15.0	12.5_17.5	11	Eastern Gotland Basin	8.12	0.04	40.0	8.21	8.03			12.5	17.5	7.95	8.29
15.0	12.5_17.5	12	Eastern Gotland Basin	8.07	0.04	33.0	8.15	7.98			12.5	17.5	7.9	8.23
20.0	17.5_25.0	1	Eastern Gotland Basin	8.07	0.05	38.0	8.2	7.95			17.5	25.0	7.85	8.3
20.0	17.5_25.0	2	Eastern Gotland Basin	8.08	0.04	25.0	8.18	8.03			17.5	25.0	7.95	8.26
20.0	17.5_25.0	3	Eastern Gotland Basin	8.1	0.04	37.0	8.18	7.99			17.5	25.0	7.91	8.26
20.0	17.5_25.0	4	Eastern Gotland Basin	8.24	0.09	39.0	8.47	8.09			17.5	25.0	7.91	8.65
20.0	17.5_25.0	5	Eastern Gotland Basin	8.41	0.15	33.0	8.93	8.13			17.5	25.0	7.83	9.23
20.0	17.5_25.0	6	Eastern Gotland Basin	8.39	0.13	32.0	8.85	8.15			17.5	25.0	7.89	9.11
20.0	17.5_25.0	7	Eastern Gotland Basin	8.27	0.14	37.0	8.53	7.96			17.5	25.0	7.68	8.81
20.0	17.5_25.0	8	Eastern Gotland Basin	8.15	0.13	35.0	8.48	7.94			17.5	25.0	7.68	8.74
20.0	17.5_25.0	9	Eastern Gotland Basin	8.22	0.1	32.0	8.37	7.96			17.5	25.0	7.76	8.57
20.0	17.5_25.0	10	Eastern Gotland Basin	8.18	0.06	31.0	8.31	8.07			17.5	25.0	7.95	8.43
20.0	17.5_25.0	11	Eastern Gotland Basin	8.12	0.05	41.0	8.24	8.01			17.5	25.0	7.91	8.34
20.0	17.5_25.0	12	Eastern Gotland Basin	8.07	0.04	32.0	8.15	7.98			17.5	25.0	7.9	8.23
30.0	25.0_35.0	1	Eastern Gotland Basin	8.07	0.05	37.0	8.19	7.94			25.0	35.0	7.84	8.29
30.0	25.0_35.0	2	Eastern Gotland Basin	8.08	0.03	24.0	8.14	8.02			25.0	35.0	7.96	8.2
30.0	25.0_35.0	3	Eastern Gotland Basin	8.09	0.04	37.0	8.18	7.97			25.0	35.0	7.89	8.26
30.0	25.0_35.0	4	Eastern Gotland Basin	8.19	0.08	38.0	8.44	8.1			25.0	35.0	7.94	8.6
30.0	25.0_35.0	5	Eastern Gotland Basin	8.28	0.1	32.0	8.51	8.08			25.0	35.0	7.88	8.71
30.0	25.0_35.0	6	Eastern Gotland Basin	8.23	0.13	32.0	8.47	7.89			25.0	35.0	7.63	8.73
30.0	25.0_35.0	7	Eastern Gotland Basin	8.11	0.1	36.0	8.36	7.95			25.0	35.0	7.75	8.56
30.0	25.0_35.0	8	Eastern Gotland Basin	7.99	0.1	34.0	8.31	7.83			25.0	35.0	7.63	8.51
30.0	25.0_35.0	9	Eastern Gotland Basin	8.05	0.16	31.0	8.34	7.77			25.0	35.0	7.45	8.66
30.0	25.0_35.0	10	Eastern Gotland Basin	8.13	0.09	32.0	8.3	7.86			25.0	35.0	7.68	8.48
30.0	25.0_35.0	11	Eastern Gotland Basin	8.11	0.04	40.0	8.21	8.02			25.0	35.0	7.94	8.29
30.0	25.0_35.0	12	Eastern Gotland Basin	8.07	0.04	33.0	8.17	7.97			25.0	35.0	7.89	8.25
40.0	35.0_45.0	1	Eastern Gotland Basin	8.06	0.05	35.0	8.19	7.92			35.0	45.0	7.82	8.29
40.0	35.0_45.0	2	Eastern Gotland Basin	8.08	0.03	24.0	8.15	8.03			35.0	45.0	7.97	8.21
40.0	35.0_45.0	3	Eastern Gotland Basin	8.09	0.04	37.0	8.17	8.01			35.0	45.0	7.93	8.25
40.0	35.0_45.0	4	Eastern Gotland Basin	8.18	0.07	38.0	8.35	8.08			35.0	45.0	7.94	8.49
40.0	35.0_45.0	5	Eastern Gotland Basin	8.2	0.12	34.0	8.5	8.02			35.0	45.0	7.78	8.74
40.0	35.0_45.0	6	Eastern Gotland Basin	8.13	0.09	32.0	8.34	7.99			35.0	45.0	7.81	8.52
40.0	35.0_45.0	7	Eastern Gotland Basin	8.03	0.07	36.0	8.2	7.85			35.0	45.0	7.71	8.34
40.0	35.0_45.0	8	Eastern Gotland Basin	7.98	0.09	34.0	8.12	7.81			35.0	45.0	7.63	8.3
40.0	35.0_45.0	9	Eastern Gotland Basin	7.95	0.11	31.0	8.22	7.76			35.0	45.0	7.54	8.44
40.0	35.0_45.0	10	Eastern Gotland Basin	7.98	0.12	29.0	8.17	7.78			35.0	45.0	7.54	8.41
40.0	35.0_45.0	11	Eastern Gotland Basin	8.08	0.08	41.0	8.21	7.8			35.0	45.0	7.64	8.37
40.0	35.0_45.0	12	Eastern Gotland Basin	8.05	0.08	33.0	8.15	7.65			35.0	45.0	7.49	8.31
50.0	45.0_55.0	1	Eastern Gotland Basin	8.05	0.08	36.0	8.22	7.78			45.0	55.0	7.62	8.38
50.0	45.0_55.0	2	Eastern Gotland Basin	8.08	0.03	23.0	8.14	8.02			45.0	55.0	7.96	8.2
50.0	45.0_55.0	3	Eastern Gotland Basin	8.07	0.08	37.0	8.17	7.65			45.0	55.0	7.49	8.33
50.0	45.0_55.0	4	Eastern Gotland Basin	8.14	0.06	39.0	8.25	7.92			45.0	55.0	7.8	8.37
50.0	45.0_55.0	5	Eastern Gotland Basin	8.11	0.11	34.0	8.35	7.97			45.0	55.0	7.75	8.57
50.0	45.0_55.0	6	Eastern Gotland Basin	8.06	0.1	32.0	8.27	7.88			45.0	55.0	7.68	8.47
50.0	45.0_55.0	7	Eastern Gotland Basin	7.97	0.07	36.0	8.15	7.81			45.0	55.0	7.67	8.29
50.0	45.0_55.0	8	Eastern Gotland Basin	7.94	0.07	34.0	8.08	7.77			45.0	55.0	7.63	8.22
50.0	45.0_55.0	9	Eastern Gotland Basin	7.88	0.12	32.0	8.15	7.62			45.0	55.0	7.38	8.39
50.0	45.0_55.0	10	Eastern Gotland Basin	7.86	0.1	31.0	8.1	7.68			45.0	55.0	7.48	8.3
50.0	45.0_55.0	11	Eastern Gotland Basin	7.93	0.18	40.0	8.18	7.55			45.0	55.0	7.19	8.54
50.0	45.0_55.0	12	Eastern Gotland Basin	8.01	0.13	33.0	8.15	7.58			45.0	55.0	7.32	8.41
60.0	55.0_65.0	1	Eastern Gotland Basin	7.92	0.26	37.0	8.18	7.3			55.0	65.0	6.78	8.7
60.0	55.0_65.0	2	Eastern Gotland Basin	8.04	0.14	24.0	8.34	7.46			55.0	65.0	7.18	8.62
60.0	55.0_65.0	3	Eastern Gotland Basin	7.98	0.21	37.0	8.16	7.28			55.0	65.0	6.86	8.58
60.0	55.0_65.0	4	Eastern Gotland Basin	8.05	0.14	38.0	8.21	7.45			55.0	65.0	7.17	8.49
60.0	55.0_65.0	5	Eastern Gotland Basin	7.97	0.18	33.0	8.35	7.58			55.0	65.0	7.22	8.71
60.0	55.0_65.0	6	Eastern Gotland Basin	7.92	0.18	32.0	8.21	7.44			55.0	65.0	7.08	8.57
60.0	55.0_65.0	7	Eastern Gotland Basin	7.87	0.16	37.0	8.31	7.49			55.0	65.0	7.17	8.63
60.0	55.0_65.0	8	Eastern Gotland Basin	7.83	0.11	35.0	8.03	7.53			55.0	65.0	7.31	8.25
60.0	55.0_65.0	9	Eastern Gotland Basin	7.76	0.16	31.0	8.05	7.21			55.0	65.0	6.89	8.37
60.0	55.0_65.0	10	Eastern Gotland Basin	7.73	0.15	32.0	8.1	7.3			55.0	65.0	7.0	8.4
60.0	55.0_65.0	11	Eastern Gotland Basin	7.73	0.22	40.0	8.21	7.34			55.0	65.0	6.9	8.65
60.0	55.0_65.0	12	Eastern Gotland Basin	7.75	0.22	33.0	8.07	7.25			55.0	65.0	6.81	8.51
70.0	65.0_75.0	1	Eastern Gotland Basin	7.59	0.32	35.0	8.11	7.23			65.0	75.0	6.59	8.75
70.0	65.0_75.0	2	Eastern Gotland Basin	7.67	0.36	24.0	8.17	7.21			65.0	75.0	6.49	8.89
70.0	65.0_75.0	3	Eastern Gotland Basin	7.66	0.33	36.0	8.11	7.21			65.0	75.0	6.55	8.77
70.0	65.0_75.0	4	Eastern Gotland Basin	7.71	0.32	38.0	8.19	7.19			65.0	75.0	6.55	8.83
70.0	65.0_75.0	5	Eastern Gotland Basin	7.66	0.31	34.0	8.11	7.19			65.0	75.0	6.57	8.73
70.0	65.0_75.0	6	Eastern Gotland Basin	7.6	0.28	32.0	8.12	7.21			65.0	75.0	6.65	8.68
70.0	65.0_75.0	7	Eastern Gotland Basin	7.62	0.24	35.0	8.04	7.24			65.0	75.0	6.76	8.52
70.0	65.0_75.0	8	Eastern Gotland Basin	7.61	0.2	35.0	8.02	7.25			65.0	75.0	6.85	8.42
70.0	65.0_75.0	9	Eastern Gotland Basin	7.53	0.2	32.0	7.93	7.2			65.0	75.0	6.8	8.33
70.0	65.0_75.0	10	Eastern Gotland Basin	7.5	0.21	32.0	8.04	7.18			65.0	75.0	6.76	8.46
70.0	65.0_75.0	11	Eastern Gotland Basin	7.5	0.21	39.0	7.85	7.2			65.0	75.0	6.78	8.27
70.0	65.0_75.0	12	Eastern Gotland Basin	7.47	0.21	33.0	8.04	7.21			65.0	75.0	6.79	8.46
80.0	75.0_85.0	1	Eastern Gotland Basin	7.39	0.23	35.0	8.03	7.17			75.0	85.0	6.71	8.49
80.0	75.0_85.0	2	Eastern Gotland Basin	7.4	0.27	25.0	8.04	7.17			75.0	85.0	6.63	8.58
80.0	75.0_85.0	3	Eastern Gotland Basin	7.35	0.15	36.0	7.85	7.16			75.0	85.0	6.86	8.15
80.0	75.0_85.0	4	Eastern Gotland Basin	7.42	0.23	37.0	8.06	7.2			75.0	85.0	6.74	8.52
80.0	75.0_85.0	5	Eastern Gotland Basin	7.45	0.25	34.0	8.07	7.18			75.0	85.0	6.68	8.57
80.0	75.0_85.0	6	Eastern Gotland Basin	7.4	0.23	31.0	8.04	7.18			75.0	85.0	6.72	8.5
80.0	75.0_85.0	7	Eastern Gotland Basin	7.39	0.21	37.0	7.99	7.17			75.0	85.0	6.75	8.41
80.0	75.0_85.0	8	Eastern Gotland Basin	7.41	0.19	35.0	7.83	7.19			75.0	85.0	6.81	8.21
80.0	75.0_85.0	9	Eastern Gotland Basin	7.34	0.16	32.0	7.78	7.18			75.0	85.0	6.86	8.1
80.0	75.0_85.0	10	Eastern Gotland Basin	7.37	0.19	32.0	7.96	7.16			75.0	85.0	6.78	8.34
80.0	75.0_85.0	11	Eastern Gotland Basin	7.35	0.17	40.0	7.73	7.15			75.0	85.0	6.81	8.07
80.0	75.0_85.0	12	Eastern Gotland Basin	7.33	0.16	33.0	8.01	7.16			75.0	85.0	6.84	8.33
90.0	85.0_95.0	1	Eastern Gotland Basin	7.3	0.09	32.0	7.52	7.18			85.0	95.0	7.0	7.7
90.0	85.0_95.0	2	Eastern Gotland Basin	7.29	0.12	21.0	7.61	7.2			85.0	95.0	6.96	7.85
90.0	85.0_95.0	3	Eastern Gotland Basin	7.28	0.08	32.0	7.49	7.16			85.0	95.0	7.0	7.65
90.0	85.0_95.0	4	Eastern Gotland Basin	7.32	0.15	33.0	7.82	7.19			85.0	95.0	6.89	8.12
90.0	85.0_95.0	5	Eastern Gotland Basin	7.35	0.16	32.0	7.81	7.19			85.0	95.0	6.87	8.13
90.0	85.0_95.0	6	Eastern Gotland Basin	7.31	0.15	27.0	7.83	7.17			85.0	95.0	6.87	8.13
90.0	85.0_95.0	7	Eastern Gotland Basin	7.31	0.15	34.0	7.73	7.16			85.0	95.0	6.86	8.03
90.0	85.0_95.0	8	Eastern Gotland Basin	7.31	0.13	32.0	7.65	7.17			85.0	95.0	6.91	7.91
90.0	85.0_95.0	9	Eastern Gotland Basin	7.28	0.11	27.0	7.66	7.17			85.0	95.0	6.95	7.88
90.0	85.0_95.0	10	Eastern Gotland Basin	7.3	0.15	29.0	7.76	7.15			85.0	95.0	6.85	8.06
90.0	85.0_95.0	11	Eastern Gotland Basin	7.3	0.14	35.0	7.77	7.18			85.0	95.0	6.9	8.05
90.0	85.0_95.0	12	Eastern Gotland Basin	7.28	0.08	30.0	7.47	7.16			85.0	95.0	7.0	7.63
100.0	95.0_112.5	1	Eastern Gotland Basin	7.28	0.07	28.0	7.46	7.18			95.0	112.5	7.04	7.6
100.0	95.0_112.5	2	Eastern Gotland Basin	7.27	0.07	21.0	7.46	7.19			95.0	112.5	7.05	7.6
100.0	95.0_112.5	3	Eastern Gotland Basin	7.26	0.08	28.0	7.57	7.15			95.0	112.5	6.99	7.73
100.0	95.0_112.5	4	Eastern Gotland Basin	7.28	0.08	31.0	7.53	7.16			95.0	112.5	7.0	7.69
100.0	95.0_112.5	5	Eastern Gotland Basin	7.29	0.08	28.0	7.48	7.18			95.0	112.5	7.02	7.64
100.0	95.0_112.5	6	Eastern Gotland Basin	7.27	0.08	23.0	7.49	7.18			95.0	112.5	7.02	7.65
100.0	95.0_112.5	7	Eastern Gotland Basin	7.28	0.09	31.0	7.57	7.16			95.0	112.5	6.98	7.75
100.0	95.0_112.5	8	Eastern Gotland Basin	7.28	0.08	28.0	7.53	7.17			95.0	112.5	7.01	7.69
100.0	95.0_112.5	9	Eastern Gotland Basin	7.25	0.07	25.0	7.55	7.17			95.0	112.5	7.03	7.69
100.0	95.0_112.5	10	Eastern Gotland Basin	7.28	0.1	26.0	7.55	7.16			95.0	112.5	6.96	7.75
100.0	95.0_112.5	11	Eastern Gotland Basin	7.28	0.1	30.0	7.63	7.16			95.0	112.5	6.96	7.83
100.0	95.0_112.5	12	Eastern Gotland Basin	7.26	0.05	25.0	7.36	7.17			95.0	112.5	7.07	7.46
125.0	112.5_137.5	1	Eastern Gotland Basin	7.26	0.07	30.0	7.51	7.14			112.5	137.5	7.0	7.65
125.0	112.5_137.5	2	Eastern Gotland Basin	7.26	0.07	21.0	7.5	7.2			112.5	137.5	7.06	7.64
125.0	112.5_137.5	3	Eastern Gotland Basin	7.26	0.13	28.0	7.89	7.15			112.5	137.5	6.89	8.15
125.0	112.5_137.5	4	Eastern Gotland Basin	7.25	0.05	32.0	7.42	7.16			112.5	137.5	7.06	7.52
125.0	112.5_137.5	5	Eastern Gotland Basin	7.26	0.04	28.0	7.36	7.19			112.5	137.5	7.11	7.44
125.0	112.5_137.5	6	Eastern Gotland Basin	7.26	0.06	25.0	7.47	7.18			112.5	137.5	7.06	7.59
125.0	112.5_137.5	7	Eastern Gotland Basin	7.27	0.06	30.0	7.46	7.17			112.5	137.5	7.05	7.58
125.0	112.5_137.5	8	Eastern Gotland Basin	7.26	0.05	27.0	7.37	7.17			112.5	137.5	7.07	7.47
125.0	112.5_137.5	9	Eastern Gotland Basin	7.26	0.06	24.0	7.44	7.14			112.5	137.5	7.02	7.56
125.0	112.5_137.5	10	Eastern Gotland Basin	7.27	0.08	25.0	7.49	7.17			112.5	137.5	7.01	7.65
125.0	112.5_137.5	11	Eastern Gotland Basin	7.26	0.07	31.0	7.48	7.17			112.5	137.5	7.03	7.62
125.0	112.5_137.5	12	Eastern Gotland Basin	7.24	0.04	26.0	7.34	7.18			112.5	137.5	7.1	7.42
150.0	137.5_162.5	1	Eastern Gotland Basin	7.25	0.06	30.0	7.4	7.12			137.5	162.5	7.0	7.52
150.0	137.5_162.5	2	Eastern Gotland Basin	7.25	0.05	20.0	7.37	7.21			137.5	162.5	7.11	7.47
150.0	137.5_162.5	3	Eastern Gotland Basin	7.26	0.15	28.0	7.98	7.17			137.5	162.5	6.87	8.28
150.0	137.5_162.5	4	Eastern Gotland Basin	7.25	0.04	32.0	7.42	7.17			137.5	162.5	7.09	7.5
150.0	137.5_162.5	5	Eastern Gotland Basin	7.27	0.06	27.0	7.53	7.19			137.5	162.5	7.07	7.65
150.0	137.5_162.5	6	Eastern Gotland Basin	7.26	0.06	25.0	7.46	7.19			137.5	162.5	7.07	7.58
150.0	137.5_162.5	7	Eastern Gotland Basin	7.27	0.05	31.0	7.39	7.19			137.5	162.5	7.09	7.49
150.0	137.5_162.5	8	Eastern Gotland Basin	7.26	0.04	27.0	7.34	7.2			137.5	162.5	7.12	7.42
150.0	137.5_162.5	9	Eastern Gotland Basin	7.26	0.07	25.0	7.48	7.14			137.5	162.5	7.0	7.62
150.0	137.5_162.5	10	Eastern Gotland Basin	7.26	0.07	26.0	7.43	7.18			137.5	162.5	7.04	7.57
150.0	137.5_162.5	11	Eastern Gotland Basin	7.25	0.06	29.0	7.36	7.18			137.5	162.5	7.06	7.48
150.0	137.5_162.5	12	Eastern Gotland Basin	7.24	0.04	25.0	7.32	7.15			137.5	162.5	7.07	7.4
175.0	162.5_187.5	1	Eastern Gotland Basin	7.26	0.05	27.0	7.41	7.17			162.5	187.5	7.07	7.51
175.0	162.5_187.5	2	Eastern Gotland Basin	7.24	0.04	19.0	7.37	7.21			162.5	187.5	7.13	7.45
175.0	162.5_187.5	3	Eastern Gotland Basin	7.27	0.16	26.0	8.04	7.16			162.5	187.5	6.84	8.36
175.0	162.5_187.5	4	Eastern Gotland Basin	7.25	0.05	30.0	7.43	7.18			162.5	187.5	7.08	7.53
175.0	162.5_187.5	5	Eastern Gotland Basin	7.26	0.05	26.0	7.44	7.2			162.5	187.5	7.1	7.54
175.0	162.5_187.5	6	Eastern Gotland Basin	7.27	0.05	25.0	7.46	7.2			162.5	187.5	7.1	7.56
175.0	162.5_187.5	7	Eastern Gotland Basin	7.27	0.06	29.0	7.43	7.19			162.5	187.5	7.07	7.55
175.0	162.5_187.5	8	Eastern Gotland Basin	7.26	0.05	27.0	7.39	7.2			162.5	187.5	7.1	7.49
175.0	162.5_187.5	9	Eastern Gotland Basin	7.26	0.06	24.0	7.37	7.16			162.5	187.5	7.04	7.49
175.0	162.5_187.5	10	Eastern Gotland Basin	7.26	0.06	26.0	7.4	7.19			162.5	187.5	7.07	7.52
175.0	162.5_187.5	11	Eastern Gotland Basin	7.25	0.05	29.0	7.36	7.19			162.5	187.5	7.09	7.46
175.0	162.5_187.5	12	Eastern Gotland Basin	7.25	0.04	24.0	7.34	7.18			162.5	187.5	7.1	7.42
200.0	187.5_212.5	1	Eastern Gotland Basin	7.26	0.05	24.0	7.44	7.18			187.5	212.5	7.08	7.54
200.0	187.5_212.5	2	Eastern Gotland Basin	7.25	0.04	20.0	7.34	7.2			187.5	212.5	7.12	7.42
200.0	187.5_212.5	3	Eastern Gotland Basin	7.28	0.16	26.0	8.05	7.16			187.5	212.5	6.84	8.37
200.0	187.5_212.5	4	Eastern Gotland Basin	7.26	0.05	30.0	7.43	7.18			187.5	212.5	7.08	7.53
200.0	187.5_212.5	5	Eastern Gotland Basin	7.28	0.04	24.0	7.38	7.2			187.5	212.5	7.12	7.46
200.0	187.5_212.5	6	Eastern Gotland Basin	7.28	0.06	25.0	7.47	7.2			187.5	212.5	7.08	7.59
200.0	187.5_212.5	7	Eastern Gotland Basin	7.28	0.06	29.0	7.46	7.19			187.5	212.5	7.07	7.58
200.0	187.5_212.5	8	Eastern Gotland Basin	7.27	0.05	27.0	7.39	7.18			187.5	212.5	7.08	7.49
200.0	187.5_212.5	9	Eastern Gotland Basin	7.27	0.06	24.0	7.41	7.2			187.5	212.5	7.08	7.53
200.0	187.5_212.5	10	Eastern Gotland Basin	7.27	0.05	24.0	7.39	7.19			187.5	212.5	7.09	7.49
200.0	187.5_212.5	11	Eastern Gotland Basin	7.26	0.05	28.0	7.37	7.2			187.5	212.5	7.1	7.47
200.0	187.5_212.5	12	Eastern Gotland Basin	7.25	0.04	25.0	7.33	7.19			187.5	212.5	7.11	7.41
225.0	212.5_237.5	1	Eastern Gotland Basin	7.28	0.06	24.0	7.41	7.19			212.5	237.5	7.07	7.53
225.0	212.5_237.5	2	Eastern Gotland Basin	7.26	0.05	19.0	7.45	7.2			212.5	237.5	7.1	7.55
225.0	212.5_237.5	3	Eastern Gotland Basin	7.28	0.12	24.0	7.78	7.17			212.5	237.5	6.93	8.02
225.0	212.5_237.5	4	Eastern Gotland Basin	7.29	0.07	26.0	7.46	7.19			212.5	237.5	7.05	7.6
225.0	212.5_237.5	5	Eastern Gotland Basin	7.31	0.09	22.0	7.55	7.21			212.5	237.5	7.03	7.73
225.0	212.5_237.5	6	Eastern Gotland Basin	7.3	0.08	24.0	7.55	7.2			212.5	237.5	7.04	7.71
225.0	212.5_237.5	7	Eastern Gotland Basin	7.3	0.09	27.0	7.62	7.19	7.45	7.21	212.5	237.5	7.01	7.8
225.0	212.5_237.5	8	Eastern Gotland Basin	7.28	0.04	24.0	7.38	7.22			212.5	237.5	7.14	7.46
225.0	212.5_237.5	9	Eastern Gotland Basin	7.3	0.1	23.0	7.63	7.2			212.5	237.5	7.0	7.83
225.0	212.5_237.5	10	Eastern Gotland Basin	7.28	0.06	24.0	7.5	7.18			212.5	237.5	7.06	7.62
225.0	212.5_237.5	11	Eastern Gotland Basin	7.29	0.07	27.0	7.49	7.2			212.5	237.5	7.06	7.63
225.0	212.5_237.5	12	Eastern Gotland Basin	7.27	0.06	23.0	7.41	7.2			212.5	237.5	7.08	7.53
250.0	237.5_262.5	1	Eastern Gotland Basin	7.3	0.09	16.0	7.47	7.21			237.5	262.5	7.03	7.65
250.0	237.5_262.5	4	Eastern Gotland Basin	7.28	0.07	17.0	7.46	7.19			237.5	262.5	7.05	7.6
250.0	237.5_262.5	5	Eastern Gotland Basin	7.32	0.1	16.0	7.48	7.2			237.5	262.5	7.0	7.68
250.0	237.5_262.5	6	Eastern Gotland Basin	7.31	0.08	17.0	7.51	7.2	7.45	7.22	237.5	262.5	7.04	7.67
250.0	237.5_262.5	7	Eastern Gotland Basin	7.36	0.24	18.0	8.28	7.2			237.5	262.5	6.72	8.76
250.0	237.5_262.5	8	Eastern Gotland Basin	7.3	0.06	20.0	7.46	7.21			237.5	262.5	7.09	7.58
250.0	237.5_262.5	12	Eastern Gotland Basin	7.28	0.07	16.0	7.49	7.19			237.5	262.5	7.05	7.63
0.0	0_2.5	1	Kattegat	8.16	0.07	48.0	8.37	8.08			0.0	2.5	7.94	8.51
0.0	0_2.5	2	Kattegat	8.19	0.08	43.0	8.38	8.08			0.0	2.5	7.92	8.54
0.0	0_2.5	3	Kattegat	8.34	0.17	58.0	8.8	8.14			0.0	2.5	7.8	9.14
0.0	0_2.5	4	Kattegat	8.25	0.07	59.0	8.39	8.12			0.0	2.5	7.98	8.53
0.0	0_2.5	5	Kattegat	8.21	0.07	47.0	8.35	7.95			0.0	2.5	7.81	8.49
0.0	0_2.5	6	Kattegat	8.27	0.08	53.0	8.47	8.14			0.0	2.5	7.98	8.63
0.0	0_2.5	7	Kattegat	8.25	0.06	48.0	8.4	8.13			0.0	2.5	8.01	8.52
0.0	0_2.5	8	Kattegat	8.26	0.06	45.0	8.42	8.11			0.0	2.5	7.99	8.54
0.0	0_2.5	9	Kattegat	8.23	0.06	55.0	8.34	8.03			0.0	2.5	7.91	8.46
0.0	0_2.5	10	Kattegat	8.2	0.05	46.0	8.33	7.97			0.0	2.5	7.87	8.43
0.0	0_2.5	11	Kattegat	8.19	0.06	57.0	8.33	8.06			0.0	2.5	7.94	8.45
0.0	0_2.5	12	Kattegat	8.18	0.17	54.0	8.83	8.04			0.0	2.5	7.7	9.17
5.0	2.5_7.5	1	Kattegat	8.15	0.06	48.0	8.32	8.08			2.5	7.5	7.96	8.44
5.0	2.5_7.5	2	Kattegat	8.19	0.08	44.0	8.37	8.08			2.5	7.5	7.92	8.53
5.0	2.5_7.5	3	Kattegat	8.35	0.18	58.0	8.81	8.15			2.5	7.5	7.79	9.17
5.0	2.5_7.5	4	Kattegat	8.25	0.07	59.0	8.38	8.11			2.5	7.5	7.97	8.52
5.0	2.5_7.5	5	Kattegat	8.22	0.06	46.0	8.45	8.12			2.5	7.5	8.0	8.57
5.0	2.5_7.5	6	Kattegat	8.28	0.09	55.0	8.55	8.14			2.5	7.5	7.96	8.73
5.0	2.5_7.5	7	Kattegat	8.25	0.06	49.0	8.4	8.13			2.5	7.5	8.01	8.52
5.0	2.5_7.5	8	Kattegat	8.26	0.06	45.0	8.41	8.14			2.5	7.5	8.02	8.53
5.0	2.5_7.5	9	Kattegat	8.24	0.06	54.0	8.34	8.07			2.5	7.5	7.95	8.46
5.0	2.5_7.5	10	Kattegat	8.19	0.05	47.0	8.32	7.99			2.5	7.5	7.89	8.42
5.0	2.5_7.5	11	Kattegat	8.18	0.05	59.0	8.34	8.07			2.5	7.5	7.97	8.44
5.0	2.5_7.5	12	Kattegat	8.17	0.16	55.0	8.83	8.06			2.5	7.5	7.74	9.15
10.0	7.5_12.5	1	Kattegat	8.15	0.06	49.0	8.34	8.07			7.5	12.5	7.95	8.46
10.0	7.5_12.5	2	Kattegat	8.17	0.08	44.0	8.38	8.08			7.5	12.5	7.92	8.54
10.0	7.5_12.5	3	Kattegat	8.31	0.18	58.0	8.79	8.11			7.5	12.5	7.75	9.15
10.0	7.5_12.5	4	Kattegat	8.23	0.07	59.0	8.4	8.1			7.5	12.5	7.96	8.54
10.0	7.5_12.5	5	Kattegat	8.21	0.07	46.0	8.36	8.05			7.5	12.5	7.91	8.5
10.0	7.5_12.5	6	Kattegat	8.27	0.08	55.0	8.46	8.07			7.5	12.5	7.91	8.62
10.0	7.5_12.5	7	Kattegat	8.24	0.06	48.0	8.36	8.12			7.5	12.5	8.0	8.48
10.0	7.5_12.5	8	Kattegat	8.24	0.06	45.0	8.39	8.06			7.5	12.5	7.94	8.51
10.0	7.5_12.5	9	Kattegat	8.22	0.06	54.0	8.34	8.05			7.5	12.5	7.93	8.46
10.0	7.5_12.5	10	Kattegat	8.18	0.04	46.0	8.32	8.0			7.5	12.5	7.92	8.4
10.0	7.5_12.5	11	Kattegat	8.17	0.07	58.0	8.41	7.9			7.5	12.5	7.76	8.55
10.0	7.5_12.5	12	Kattegat	8.17	0.17	54.0	8.84	8.05			7.5	12.5	7.71	9.18
15.0	12.5_17.5	1	Kattegat	8.14	0.06	48.0	8.34	8.05			12.5	17.5	7.93	8.46
15.0	12.5_17.5	2	Kattegat	8.14	0.07	44.0	8.38	8.06			12.5	17.5	7.92	8.52
15.0	12.5_17.5	3	Kattegat	8.25	0.2	56.0	8.79	8.04			12.5	17.5	7.64	9.19
15.0	12.5_17.5	4	Kattegat	8.18	0.07	56.0	8.33	8.01			12.5	17.5	7.87	8.47
15.0	12.5_17.5	5	Kattegat	8.16	0.08	44.0	8.34	7.97			12.5	17.5	7.81	8.5
15.0	12.5_17.5	6	Kattegat	8.23	0.08	55.0	8.41	8.08			12.5	17.5	7.92	8.57
15.0	12.5_17.5	7	Kattegat	8.21	0.05	48.0	8.33	8.11			12.5	17.5	8.01	8.43
15.0	12.5_17.5	8	Kattegat	8.18	0.06	44.0	8.3	8.03			12.5	17.5	7.91	8.42
15.0	12.5_17.5	9	Kattegat	8.16	0.06	52.0	8.34	8.06			12.5	17.5	7.94	8.46
15.0	12.5_17.5	10	Kattegat	8.14	0.06	46.0	8.29	7.95			12.5	17.5	7.83	8.41
15.0	12.5_17.5	11	Kattegat	8.15	0.06	58.0	8.32	8.0			12.5	17.5	7.88	8.44
15.0	12.5_17.5	12	Kattegat	8.16	0.17	54.0	8.84	8.02			12.5	17.5	7.68	9.18
20.0	17.5_22.5	1	Kattegat	8.12	0.06	48.0	8.35	8.04			17.5	22.5	7.92	8.47
20.0	17.5_22.5	2	Kattegat	8.12	0.07	44.0	8.38	8.05			17.5	22.5	7.91	8.52
20.0	17.5_22.5	3	Kattegat	8.19	0.19	56.0	8.76	8.04			17.5	22.5	7.66	9.14
20.0	17.5_22.5	4	Kattegat	8.11	0.07	56.0	8.26	8.0			17.5	22.5	7.86	8.4
20.0	17.5_22.5	5	Kattegat	8.11	0.08	45.0	8.3	7.84			17.5	22.5	7.68	8.46
20.0	17.5_22.5	6	Kattegat	8.18	0.08	53.0	8.38	7.99			17.5	22.5	7.83	8.54
20.0	17.5_22.5	7	Kattegat	8.16	0.06	48.0	8.29	8.03			17.5	22.5	7.91	8.41
20.0	17.5_22.5	8	Kattegat	8.12	0.06	44.0	8.26	7.93			17.5	22.5	7.81	8.38
20.0	17.5_22.5	9	Kattegat	8.11	0.08	52.0	8.33	7.99			17.5	22.5	7.83	8.49
20.0	17.5_22.5	10	Kattegat	8.08	0.09	45.0	8.26	7.79			17.5	22.5	7.61	8.44
20.0	17.5_22.5	11	Kattegat	8.11	0.08	56.0	8.29	7.98			17.5	22.5	7.82	8.45
20.0	17.5_22.5	12	Kattegat	8.14	0.18	53.0	8.84	7.99			17.5	22.5	7.63	9.2
25.0	22.5_27.5	1	Kattegat	8.11	0.05	41.0	8.27	8.04			22.5	27.5	7.94	8.37
25.0	22.5_27.5	2	Kattegat	8.1	0.03	35.0	8.17	8.03			22.5	27.5	7.97	8.23
25.0	22.5_27.5	3	Kattegat	8.16	0.19	44.0	8.75	8.04			22.5	27.5	7.66	9.13
25.0	22.5_27.5	4	Kattegat	8.07	0.06	43.0	8.17	7.94			22.5	27.5	7.82	8.29
25.0	22.5_27.5	5	Kattegat	8.1	0.07	39.0	8.3	7.96			22.5	27.5	7.82	8.44
25.0	22.5_27.5	6	Kattegat	8.14	0.08	46.0	8.35	7.95			22.5	27.5	7.79	8.51
25.0	22.5_27.5	7	Kattegat	8.11	0.07	39.0	8.24	7.93			22.5	27.5	7.79	8.38
25.0	22.5_27.5	8	Kattegat	8.07	0.05	37.0	8.17	7.96			22.5	27.5	7.86	8.27
25.0	22.5_27.5	9	Kattegat	8.05	0.08	48.0	8.27	7.87			22.5	27.5	7.71	8.43
25.0	22.5_27.5	10	Kattegat	8.03	0.07	39.0	8.22	7.82			22.5	27.5	7.68	8.36
25.0	22.5_27.5	11	Kattegat	8.08	0.08	48.0	8.29	7.95			22.5	27.5	7.79	8.45
25.0	22.5_27.5	12	Kattegat	8.11	0.15	48.0	8.84	8.0			22.5	27.5	7.7	9.14
30.0	27.5_35.0	1	Kattegat	8.12	0.07	45.0	8.36	8.04			27.5	35.0	7.9	8.5
30.0	27.5_35.0	2	Kattegat	8.12	0.07	38.0	8.38	8.02			27.5	35.0	7.88	8.52
30.0	27.5_35.0	3	Kattegat	8.15	0.19	46.0	8.72	8.02			27.5	35.0	7.64	9.1
30.0	27.5_35.0	4	Kattegat	8.08	0.06	48.0	8.24	7.94			27.5	35.0	7.82	8.36
30.0	27.5_35.0	5	Kattegat	8.09	0.06	36.0	8.28	7.96			27.5	35.0	7.84	8.4
30.0	27.5_35.0	6	Kattegat	8.13	0.08	45.0	8.35	8.01			27.5	35.0	7.85	8.51
30.0	27.5_35.0	7	Kattegat	8.1	0.1	43.0	8.54	7.94			27.5	35.0	7.74	8.74
30.0	27.5_35.0	8	Kattegat	8.04	0.06	39.0	8.16	7.9			27.5	35.0	7.78	8.28
30.0	27.5_35.0	9	Kattegat	8.03	0.08	48.0	8.24	7.8			27.5	35.0	7.64	8.4
30.0	27.5_35.0	10	Kattegat	8.03	0.07	40.0	8.26	7.88			27.5	35.0	7.74	8.4
30.0	27.5_35.0	11	Kattegat	8.08	0.07	50.0	8.25	7.95			27.5	35.0	7.81	8.39
30.0	27.5_35.0	12	Kattegat	8.13	0.19	47.0	8.84	7.98			27.5	35.0	7.6	9.22
40.0	35.0_45.0	1	Kattegat	8.12	0.07	38.0	8.36	8.03			35.0	45.0	7.89	8.5
40.0	35.0_45.0	2	Kattegat	8.12	0.08	33.0	8.39	7.98			35.0	45.0	7.82	8.55
40.0	35.0_45.0	3	Kattegat	8.14	0.18	38.0	8.71	7.98			35.0	45.0	7.62	9.07
40.0	35.0_45.0	4	Kattegat	8.07	0.06	40.0	8.17	7.94			35.0	45.0	7.82	8.29
40.0	35.0_45.0	5	Kattegat	8.07	0.06	32.0	8.21	7.94			35.0	45.0	7.82	8.33
40.0	35.0_45.0	6	Kattegat	8.1	0.09	36.0	8.32	7.93			35.0	45.0	7.75	8.5
40.0	35.0_45.0	7	Kattegat	8.03	0.08	34.0	8.2	7.88			35.0	45.0	7.72	8.36
40.0	35.0_45.0	8	Kattegat	7.97	0.09	31.0	8.13	7.79			35.0	45.0	7.61	8.31
40.0	35.0_45.0	9	Kattegat	7.96	0.11	39.0	8.17	7.75			35.0	45.0	7.53	8.39
40.0	35.0_45.0	10	Kattegat	8.01	0.09	32.0	8.27	7.79			35.0	45.0	7.61	8.45
40.0	35.0_45.0	11	Kattegat	8.07	0.08	38.0	8.24	7.91			35.0	45.0	7.75	8.4
40.0	35.0_45.0	12	Kattegat	8.15	0.21	38.0	8.84	7.96			35.0	45.0	7.54	9.26
50.0	45.0_55.0	1	Kattegat	8.11	0.06	33.0	8.27	8.02			45.0	55.0	7.9	8.39
50.0	45.0_55.0	2	Kattegat	8.1	0.07	31.0	8.42	7.97			45.0	55.0	7.83	8.56
50.0	45.0_55.0	3	Kattegat	8.11	0.16	33.0	8.74	7.97			45.0	55.0	7.65	9.06
50.0	45.0_55.0	4	Kattegat	8.05	0.06	36.0	8.18	7.92			45.0	55.0	7.8	8.3
50.0	45.0_55.0	5	Kattegat	8.07	0.05	29.0	8.19	7.94			45.0	55.0	7.84	8.29
50.0	45.0_55.0	6	Kattegat	8.07	0.08	34.0	8.3	7.96			45.0	55.0	7.8	8.46
50.0	45.0_55.0	7	Kattegat	7.99	0.08	33.0	8.19	7.84			45.0	55.0	7.68	8.35
50.0	45.0_55.0	8	Kattegat	7.92	0.11	30.0	8.1	7.67			45.0	55.0	7.45	8.32
50.0	45.0_55.0	9	Kattegat	7.91	0.11	38.0	8.19	7.7			45.0	55.0	7.48	8.41
50.0	45.0_55.0	10	Kattegat	7.98	0.1	32.0	8.19	7.76			45.0	55.0	7.56	8.39
50.0	45.0_55.0	11	Kattegat	8.06	0.09	38.0	8.23	7.9			45.0	55.0	7.72	8.41
50.0	45.0_55.0	12	Kattegat	8.12	0.18	35.0	8.82	8.0			45.0	55.0	7.64	9.18
60.0	55.0_65.0	1	Kattegat	8.14	0.07	17.0	8.27	8.04			55.0	65.0	7.9	8.41
60.0	55.0_65.0	3	Kattegat	8.15	0.21	18.0	8.73	7.98			55.0	65.0	7.56	9.15
60.0	55.0_65.0	4	Kattegat	8.08	0.06	18.0	8.18	7.96			55.0	65.0	7.84	8.3
60.0	55.0_65.0	6	Kattegat	8.07	0.1	19.0	8.3	7.92			55.0	65.0	7.72	8.5
60.0	55.0_65.0	7	Kattegat	8.0	0.09	16.0	8.17	7.83			55.0	65.0	7.65	8.35
60.0	55.0_65.0	8	Kattegat	7.94	0.09	16.0	8.07	7.79			55.0	65.0	7.61	8.25
60.0	55.0_65.0	9	Kattegat	7.93	0.13	22.0	8.19	7.66			55.0	65.0	7.4	8.45
60.0	55.0_65.0	10	Kattegat	8.0	0.1	17.0	8.16	7.72			55.0	65.0	7.52	8.36
60.0	55.0_65.0	11	Kattegat	8.07	0.09	22.0	8.23	7.89			55.0	65.0	7.71	8.41
60.0	55.0_65.0	12	Kattegat	8.13	0.18	19.0	8.81	8.0			55.0	65.0	7.64	9.17
0.0	0_5.0	2	Skagerrak	8.21	0.12	23.0	8.46	8.08			0.0	5.0	7.84	8.7
0.0	0_5.0	3	Skagerrak	8.23	0.07	21.0	8.36	8.14			0.0	5.0	8.0	8.5
0.0	0_5.0	4	Skagerrak	8.26	0.13	33.0	8.85	8.1			0.0	5.0	7.84	9.11
0.0	0_5.0	5	Skagerrak	8.23	0.05	23.0	8.32	8.14			0.0	5.0	8.04	8.42
0.0	0_5.0	6	Skagerrak	8.24	0.06	17.0	8.31	8.13			0.0	5.0	8.01	8.43
0.0	0_5.0	7	Skagerrak	8.24	0.07	24.0	8.34	8.13			0.0	5.0	7.99	8.48
0.0	0_5.0	8	Skagerrak	8.22	0.06	18.0	8.35	8.12			0.0	5.0	8.0	8.47
0.0	0_5.0	9	Skagerrak	8.21	0.05	24.0	8.37	8.15			0.0	5.0	8.05	8.47
0.0	0_5.0	10	Skagerrak	8.18	0.04	16.0	8.24	8.12			0.0	5.0	8.04	8.32
0.0	0_5.0	11	Skagerrak	8.18	0.06	19.0	8.34	8.12			0.0	5.0	8.0	8.46
0.0	0_5.0	12	Skagerrak	8.25	0.26	25.0	8.88	8.1			0.0	5.0	7.58	9.4
10.0	5.0_20.0	2	Skagerrak	8.2	0.11	24.0	8.41	8.08			5.0	20.0	7.86	8.63
10.0	5.0_20.0	3	Skagerrak	8.2	0.04	21.0	8.27	8.14			5.0	20.0	8.06	8.35
10.0	5.0_20.0	4	Skagerrak	8.24	0.13	34.0	8.84	8.0			5.0	20.0	7.74	9.1
10.0	5.0_20.0	5	Skagerrak	8.23	0.06	23.0	8.35	8.15			5.0	20.0	8.03	8.47
10.0	5.0_20.0	6	Skagerrak	8.25	0.06	18.0	8.34	8.14			5.0	20.0	8.02	8.46
10.0	5.0_20.0	7	Skagerrak	8.24	0.05	27.0	8.33	8.15			5.0	20.0	8.05	8.43
10.0	5.0_20.0	8	Skagerrak	8.23	0.06	18.0	8.33	8.14			5.0	20.0	8.02	8.45
10.0	5.0_20.0	9	Skagerrak	8.2	0.05	24.0	8.35	8.1			5.0	20.0	8.0	8.45
10.0	5.0_20.0	10	Skagerrak	8.17	0.04	16.0	8.24	8.11			5.0	20.0	8.03	8.32
10.0	5.0_20.0	11	Skagerrak	8.18	0.06	19.0	8.32	8.12			5.0	20.0	8.0	8.44
10.0	5.0_20.0	12	Skagerrak	8.25	0.27	25.0	8.88	8.11			5.0	20.0	7.57	9.42
30.0	20.0_45.0	2	Skagerrak	8.18	0.11	24.0	8.41	8.07			20.0	45.0	7.85	8.63
30.0	20.0_45.0	3	Skagerrak	8.14	0.04	21.0	8.24	8.09			20.0	45.0	8.01	8.32
30.0	20.0_45.0	4	Skagerrak	8.16	0.13	34.0	8.8	8.0			20.0	45.0	7.74	9.06
30.0	20.0_45.0	5	Skagerrak	8.16	0.05	23.0	8.29	8.09			20.0	45.0	7.99	8.39
30.0	20.0_45.0	6	Skagerrak	8.18	0.06	18.0	8.28	8.09			20.0	45.0	7.97	8.4
30.0	20.0_45.0	7	Skagerrak	8.19	0.06	27.0	8.32	8.09			20.0	45.0	7.97	8.44
30.0	20.0_45.0	8	Skagerrak	8.17	0.06	18.0	8.29	8.08			20.0	45.0	7.96	8.41
30.0	20.0_45.0	9	Skagerrak	8.14	0.06	24.0	8.26	8.03			20.0	45.0	7.91	8.38
30.0	20.0_45.0	10	Skagerrak	8.14	0.05	16.0	8.21	8.06			20.0	45.0	7.96	8.31
30.0	20.0_45.0	11	Skagerrak	8.15	0.05	19.0	8.26	8.08			20.0	45.0	7.98	8.36
30.0	20.0_45.0	12	Skagerrak	8.25	0.27	24.0	8.85	8.11			20.0	45.0	7.57	9.39
60.0	45.0_67.5	2	Skagerrak	8.17	0.12	24.0	8.41	8.06			45.0	67.5	7.82	8.65
60.0	45.0_67.5	3	Skagerrak	8.13	0.04	21.0	8.23	8.08			45.0	67.5	8.0	8.31
60.0	45.0_67.5	4	Skagerrak	8.15	0.12	30.0	8.72	8.05			45.0	67.5	7.81	8.96
60.0	45.0_67.5	5	Skagerrak	8.13	0.04	23.0	8.24	8.07			45.0	67.5	7.99	8.32
60.0	45.0_67.5	6	Skagerrak	8.13	0.05	17.0	8.21	8.04			45.0	67.5	7.94	8.31
60.0	45.0_67.5	7	Skagerrak	8.14	0.05	27.0	8.24	8.04			45.0	67.5	7.94	8.34
60.0	45.0_67.5	8	Skagerrak	8.12	0.05	17.0	8.24	8.05			45.0	67.5	7.95	8.34
60.0	45.0_67.5	9	Skagerrak	8.11	0.07	23.0	8.28	8.0			45.0	67.5	7.86	8.42
60.0	45.0_67.5	10	Skagerrak	8.1	0.04	16.0	8.17	8.02			45.0	67.5	7.94	8.25
60.0	45.0_67.5	11	Skagerrak	8.1	0.05	17.0	8.2	8.01			45.0	67.5	7.91	8.3
60.0	45.0_67.5	12	Skagerrak	8.24	0.27	24.0	8.85	8.07			45.0	67.5	7.53	9.39
75.0	67.5_87.5	2	Skagerrak	8.16	0.12	24.0	8.4	8.03			67.5	87.5	7.79	8.64
75.0	67.5_87.5	3	Skagerrak	8.12	0.04	20.0	8.19	8.07			67.5	87.5	7.99	8.27
75.0	67.5_87.5	4	Skagerrak	8.14	0.12	29.0	8.73	8.04			67.5	87.5	7.8	8.97
75.0	67.5_87.5	5	Skagerrak	8.12	0.04	22.0	8.21	8.05			67.5	87.5	7.97	8.29
75.0	67.5_87.5	6	Skagerrak	8.13	0.05	17.0	8.21	8.06			67.5	87.5	7.96	8.31
75.0	67.5_87.5	7	Skagerrak	8.13	0.04	27.0	8.23	8.05			67.5	87.5	7.97	8.31
75.0	67.5_87.5	8	Skagerrak	8.1	0.04	17.0	8.2	8.01			67.5	87.5	7.93	8.28
75.0	67.5_87.5	9	Skagerrak	8.09	0.06	24.0	8.21	8.01			67.5	87.5	7.89	8.33
75.0	67.5_87.5	10	Skagerrak	8.07	0.05	16.0	8.16	7.98			67.5	87.5	7.88	8.26
75.0	67.5_87.5	11	Skagerrak	8.09	0.06	19.0	8.21	8.01			67.5	87.5	7.89	8.33
75.0	67.5_87.5	12	Skagerrak	8.23	0.28	24.0	8.86	8.06			67.5	87.5	7.5	9.42
100.0	87.5_150.0	2	Skagerrak	8.14	0.11	20.0	8.4	8.04			87.5	150.0	7.82	8.62
100.0	87.5_150.0	3	Skagerrak	8.11	0.03	19.0	8.2	8.05			87.5	150.0	7.99	8.26
100.0	87.5_150.0	4	Skagerrak	8.14	0.14	24.0	8.73	8.03			87.5	150.0	7.75	9.01
100.0	87.5_150.0	5	Skagerrak	8.12	0.03	19.0	8.19	8.07			87.5	150.0	8.01	8.25
100.0	87.5_150.0	6	Skagerrak	8.13	0.04	18.0	8.2	8.06			87.5	150.0	7.98	8.28
100.0	87.5_150.0	7	Skagerrak	8.12	0.05	24.0	8.23	8.05			87.5	150.0	7.95	8.33
100.0	87.5_150.0	8	Skagerrak	8.1	0.04	17.0	8.18	8.03			87.5	150.0	7.95	8.26
100.0	87.5_150.0	9	Skagerrak	8.08	0.05	21.0	8.19	8.0			87.5	150.0	7.9	8.29
100.0	87.5_150.0	10	Skagerrak	8.06	0.05	16.0	8.16	7.94			87.5	150.0	7.84	8.26
100.0	87.5_150.0	11	Skagerrak	8.07	0.06	19.0	8.22	7.98			87.5	150.0	7.86	8.34
100.0	87.5_150.0	12	Skagerrak	8.16	0.21	22.0	8.83	8.04			87.5	150.0	7.62	9.25
200.0	150.0_250.0	2	Skagerrak	8.14	0.1	20.0	8.39	8.04			150.0	250.0	7.84	8.59
200.0	150.0_250.0	3	Skagerrak	8.1	0.03	19.0	8.18	8.04			150.0	250.0	7.98	8.24
200.0	150.0_250.0	4	Skagerrak	8.15	0.13	24.0	8.72	8.04			150.0	250.0	7.78	8.98
200.0	150.0_250.0	5	Skagerrak	8.11	0.04	18.0	8.19	8.05			150.0	250.0	7.97	8.27
200.0	150.0_250.0	6	Skagerrak	8.13	0.04	18.0	8.2	8.06			150.0	250.0	7.98	8.28
200.0	150.0_250.0	7	Skagerrak	8.12	0.05	22.0	8.19	8.04			150.0	250.0	7.94	8.29
200.0	150.0_250.0	8	Skagerrak	8.09	0.04	17.0	8.17	8.03			150.0	250.0	7.95	8.25
200.0	150.0_250.0	9	Skagerrak	8.07	0.05	21.0	8.19	8.01			150.0	250.0	7.91	8.29
200.0	150.0_250.0	10	Skagerrak	8.06	0.04	16.0	8.16	8.01			150.0	250.0	7.93	8.24
200.0	150.0_250.0	11	Skagerrak	8.07	0.06	19.0	8.22	8.01			150.0	250.0	7.89	8.34
200.0	150.0_250.0	12	Skagerrak	8.14	0.23	21.0	8.83	8.03			150.0	250.0	7.57	9.29
300.0	250.0_350.0	2	Skagerrak	8.11	0.1	17.0	8.36	8.01			250.0	350.0	7.81	8.56
300.0	250.0_350.0	3	Skagerrak	8.1	0.03	19.0	8.18	8.04			250.0	350.0	7.98	8.24
300.0	250.0_350.0	4	Skagerrak	8.14	0.14	20.0	8.69	8.02			250.0	350.0	7.74	8.97
300.0	250.0_350.0	5	Skagerrak	8.11	0.04	16.0	8.21	8.05			250.0	350.0	7.97	8.29
300.0	250.0_350.0	6	Skagerrak	8.12	0.05	18.0	8.19	8.02			250.0	350.0	7.92	8.29
300.0	250.0_350.0	7	Skagerrak	8.11	0.05	19.0	8.2	8.05			250.0	350.0	7.95	8.3
300.0	250.0_350.0	8	Skagerrak	8.09	0.04	17.0	8.16	8.0			250.0	350.0	7.92	8.24
300.0	250.0_350.0	9	Skagerrak	8.07	0.05	20.0	8.19	8.01			250.0	350.0	7.91	8.29
300.0	250.0_350.0	10	Skagerrak	8.06	0.04	16.0	8.16	8.01			250.0	350.0	7.93	8.24
300.0	250.0_350.0	11	Skagerrak	8.07	0.06	19.0	8.22	8.01			250.0	350.0	7.89	8.34
300.0	250.0_350.0	12	Skagerrak	8.1	0.17	20.0	8.83	8.02			250.0	350.0	7.68	9.17
0.0	0_2.5	1	Western Gotland Basin	8.07	0.06	26.0	8.17	7.9			0.0	2.5	7.78	8.29
0.0	0_2.5	2	Western Gotland Basin	8.09	0.04	18.0	8.15	8.02			0.0	2.5	7.94	8.23
0.0	0_2.5	3	Western Gotland Basin	8.09	0.04	24.0	8.18	8.03			0.0	2.5	7.95	8.26
0.0	0_2.5	4	Western Gotland Basin	8.25	0.16	16.0	8.68	8.08			0.0	2.5	7.76	9.0
0.0	0_2.5	6	Western Gotland Basin	8.49	0.16	17.0	8.81	8.29			0.0	2.5	7.97	9.13
0.0	0_2.5	8	Western Gotland Basin	8.44	0.14	17.0	8.66	8.12			0.0	2.5	7.84	8.94
0.0	0_2.5	11	Western Gotland Basin	8.06	0.09	32.0	8.17	7.74			0.0	2.5	7.56	8.35
0.0	0_2.5	12	Western Gotland Basin	8.07	0.08	25.0	8.3	7.93			0.0	2.5	7.77	8.46
5.0	2.5_7.5	1	Western Gotland Basin	8.08	0.11	27.0	8.51	7.91			2.5	7.5	7.69	8.73
5.0	2.5_7.5	2	Western Gotland Basin	8.08	0.04	18.0	8.13	8.0			2.5	7.5	7.92	8.21
5.0	2.5_7.5	3	Western Gotland Basin	8.09	0.04	24.0	8.16	8.03			2.5	7.5	7.95	8.24
5.0	2.5_7.5	4	Western Gotland Basin	8.25	0.16	16.0	8.69	8.09			2.5	7.5	7.77	9.01
5.0	2.5_7.5	6	Western Gotland Basin	8.5	0.16	17.0	8.85	8.3			2.5	7.5	7.98	9.17
5.0	2.5_7.5	8	Western Gotland Basin	8.44	0.13	17.0	8.65	8.2			2.5	7.5	7.94	8.91
5.0	2.5_7.5	11	Western Gotland Basin	8.06	0.09	33.0	8.16	7.75			2.5	7.5	7.57	8.34
5.0	2.5_7.5	12	Western Gotland Basin	8.07	0.07	26.0	8.3	7.96			2.5	7.5	7.82	8.44
10.0	7.5_12.5	1	Western Gotland Basin	8.07	0.07	27.0	8.25	7.95			7.5	12.5	7.81	8.39
10.0	7.5_12.5	2	Western Gotland Basin	8.08	0.03	17.0	8.13	7.99			7.5	12.5	7.93	8.19
10.0	7.5_12.5	3	Western Gotland Basin	8.09	0.04	24.0	8.16	8.02			7.5	12.5	7.94	8.24
10.0	7.5_12.5	4	Western Gotland Basin	8.24	0.14	16.0	8.65	8.08			7.5	12.5	7.8	8.93
10.0	7.5_12.5	6	Western Gotland Basin	8.47	0.14	17.0	8.73	8.29			7.5	12.5	8.01	9.01
10.0	7.5_12.5	8	Western Gotland Basin	8.4	0.14	17.0	8.66	8.14			7.5	12.5	7.86	8.94
10.0	7.5_12.5	11	Western Gotland Basin	8.06	0.08	33.0	8.19	7.75			7.5	12.5	7.59	8.35
10.0	7.5_12.5	12	Western Gotland Basin	8.06	0.08	26.0	8.3	7.93			7.5	12.5	7.77	8.46
15.0	12.5_17.5	1	Western Gotland Basin	8.07	0.06	26.0	8.19	7.93			12.5	17.5	7.81	8.31
15.0	12.5_17.5	2	Western Gotland Basin	8.08	0.04	18.0	8.14	8.0			12.5	17.5	7.92	8.22
15.0	12.5_17.5	3	Western Gotland Basin	8.08	0.04	24.0	8.16	8.02			12.5	17.5	7.94	8.24
15.0	12.5_17.5	4	Western Gotland Basin	8.2	0.09	16.0	8.35	8.08			12.5	17.5	7.9	8.53
15.0	12.5_17.5	6	Western Gotland Basin	8.38	0.16	17.0	8.71	8.18			12.5	17.5	7.86	9.03
15.0	12.5_17.5	8	Western Gotland Basin	8.18	0.15	17.0	8.41	7.93			12.5	17.5	7.63	8.71
15.0	12.5_17.5	11	Western Gotland Basin	8.06	0.08	30.0	8.2	7.75			12.5	17.5	7.59	8.36
15.0	12.5_17.5	12	Western Gotland Basin	8.07	0.08	25.0	8.31	7.97			12.5	17.5	7.81	8.47
20.0	17.5_25.0	1	Western Gotland Basin	8.07	0.06	26.0	8.18	7.94			17.5	25.0	7.82	8.3
20.0	17.5_25.0	2	Western Gotland Basin	8.08	0.04	17.0	8.14	8.01			17.5	25.0	7.93	8.22
20.0	17.5_25.0	3	Western Gotland Basin	8.09	0.04	24.0	8.17	8.01			17.5	25.0	7.93	8.25
20.0	17.5_25.0	4	Western Gotland Basin	8.17	0.08	16.0	8.31	8.07			17.5	25.0	7.91	8.47
20.0	17.5_25.0	6	Western Gotland Basin	8.28	0.1	17.0	8.44	8.07			17.5	25.0	7.87	8.64
20.0	17.5_25.0	8	Western Gotland Basin	8.1	0.16	17.0	8.32	7.9			17.5	25.0	7.58	8.64
20.0	17.5_25.0	11	Western Gotland Basin	8.06	0.09	30.0	8.2	7.76			17.5	25.0	7.58	8.38
20.0	17.5_25.0	12	Western Gotland Basin	8.07	0.08	25.0	8.32	7.98			17.5	25.0	7.82	8.48
30.0	25.0_35.0	1	Western Gotland Basin	8.07	0.06	26.0	8.17	7.94			25.0	35.0	7.82	8.29
30.0	25.0_35.0	2	Western Gotland Basin	8.07	0.04	18.0	8.13	8.0			25.0	35.0	7.92	8.21
30.0	25.0_35.0	3	Western Gotland Basin	8.08	0.04	24.0	8.15	8.02			25.0	35.0	7.94	8.23
30.0	25.0_35.0	4	Western Gotland Basin	8.15	0.07	16.0	8.29	8.05			25.0	35.0	7.91	8.43
30.0	25.0_35.0	6	Western Gotland Basin	8.14	0.08	17.0	8.25	8.01			25.0	35.0	7.85	8.41
30.0	25.0_35.0	8	Western Gotland Basin	7.99	0.07	17.0	8.15	7.9			25.0	35.0	7.76	8.29
30.0	25.0_35.0	11	Western Gotland Basin	8.05	0.09	30.0	8.22	7.75			25.0	35.0	7.57	8.4
30.0	25.0_35.0	12	Western Gotland Basin	8.07	0.08	25.0	8.3	7.98			25.0	35.0	7.82	8.46
40.0	35.0_45.0	1	Western Gotland Basin	8.05	0.08	25.0	8.16	7.82			35.0	45.0	7.66	8.32
40.0	35.0_45.0	2	Western Gotland Basin	8.06	0.04	18.0	8.13	7.98			35.0	45.0	7.9	8.21
40.0	35.0_45.0	3	Western Gotland Basin	8.07	0.05	24.0	8.15	7.9			35.0	45.0	7.8	8.25
40.0	35.0_45.0	4	Western Gotland Basin	8.14	0.07	16.0	8.28	7.99			35.0	45.0	7.85	8.42
40.0	35.0_45.0	6	Western Gotland Basin	8.05	0.07	17.0	8.17	7.93			35.0	45.0	7.79	8.31
40.0	35.0_45.0	8	Western Gotland Basin	7.95	0.06	17.0	8.06	7.86			35.0	45.0	7.74	8.18
40.0	35.0_45.0	11	Western Gotland Basin	7.97	0.13	29.0	8.15	7.69			35.0	45.0	7.43	8.41
40.0	35.0_45.0	12	Western Gotland Basin	8.04	0.12	25.0	8.3	7.67			35.0	45.0	7.43	8.54
50.0	45.0_55.0	1	Western Gotland Basin	8.0	0.14	26.0	8.13	7.59			45.0	55.0	7.31	8.41
50.0	45.0_55.0	2	Western Gotland Basin	8.01	0.1	18.0	8.12	7.82			45.0	55.0	7.62	8.32
50.0	45.0_55.0	3	Western Gotland Basin	8.0	0.15	24.0	8.15	7.46			45.0	55.0	7.16	8.45
50.0	45.0_55.0	4	Western Gotland Basin	8.14	0.21	16.0	8.85	7.83			45.0	55.0	7.41	9.27
50.0	45.0_55.0	6	Western Gotland Basin	7.97	0.12	17.0	8.13	7.62			45.0	55.0	7.38	8.37
50.0	45.0_55.0	8	Western Gotland Basin	7.87	0.11	17.0	8.01	7.7			45.0	55.0	7.48	8.23
50.0	45.0_55.0	11	Western Gotland Basin	7.82	0.18	30.0	8.19	7.47			45.0	55.0	7.11	8.55
50.0	45.0_55.0	12	Western Gotland Basin	7.89	0.21	25.0	8.23	7.34			45.0	55.0	6.92	8.65
60.0	55.0_65.0	1	Western Gotland Basin	7.72	0.24	27.0	8.13	7.26			55.0	65.0	6.78	8.61
60.0	55.0_65.0	2	Western Gotland Basin	7.84	0.22	17.0	8.1	7.36			55.0	65.0	6.92	8.54
60.0	55.0_65.0	3	Western Gotland Basin	7.87	0.27	24.0	8.11	7.26			55.0	65.0	6.72	8.65
60.0	55.0_65.0	4	Western Gotland Basin	7.95	0.18	16.0	8.19	7.57			55.0	65.0	7.21	8.55
60.0	55.0_65.0	6	Western Gotland Basin	7.81	0.19	17.0	8.12	7.38			55.0	65.0	7.0	8.5
60.0	55.0_65.0	8	Western Gotland Basin	7.73	0.19	17.0	7.93	7.39			55.0	65.0	7.01	8.31
60.0	55.0_65.0	11	Western Gotland Basin	7.65	0.21	30.0	8.13	7.28			55.0	65.0	6.86	8.55
60.0	55.0_65.0	12	Western Gotland Basin	7.66	0.25	25.0	8.05	7.25			55.0	65.0	6.75	8.55
70.0	65.0_75.0	1	Western Gotland Basin	7.49	0.23	27.0	8.12	7.16			65.0	75.0	6.7	8.58
70.0	65.0_75.0	2	Western Gotland Basin	7.59	0.22	18.0	8.04	7.22			65.0	75.0	6.78	8.48
70.0	65.0_75.0	3	Western Gotland Basin	7.65	0.31	22.0	8.09	7.2			65.0	75.0	6.58	8.71
70.0	65.0_75.0	4	Western Gotland Basin	7.71	0.23	16.0	8.18	7.34			65.0	75.0	6.88	8.64
70.0	65.0_75.0	6	Western Gotland Basin	7.59	0.24	17.0	8.05	7.31			65.0	75.0	6.83	8.53
70.0	65.0_75.0	8	Western Gotland Basin	7.52	0.19	17.0	7.83	7.24			65.0	75.0	6.86	8.21
70.0	65.0_75.0	11	Western Gotland Basin	7.47	0.21	30.0	7.95	7.18			65.0	75.0	6.76	8.37
70.0	65.0_75.0	12	Western Gotland Basin	7.5	0.2	24.0	7.95	7.21			65.0	75.0	6.81	8.35
80.0	75.0_85.0	1	Western Gotland Basin	7.37	0.2	27.0	8.13	7.14			75.0	85.0	6.74	8.53
80.0	75.0_85.0	2	Western Gotland Basin	7.37	0.19	18.0	8.03	7.19			75.0	85.0	6.81	8.41
80.0	75.0_85.0	3	Western Gotland Basin	7.45	0.29	23.0	8.07	7.17			75.0	85.0	6.59	8.65
80.0	75.0_85.0	4	Western Gotland Basin	7.47	0.24	16.0	8.17	7.2			75.0	85.0	6.72	8.65
80.0	75.0_85.0	6	Western Gotland Basin	7.43	0.2	17.0	7.87	7.2			75.0	85.0	6.8	8.27
80.0	75.0_85.0	8	Western Gotland Basin	7.39	0.18	17.0	7.7	7.18			75.0	85.0	6.82	8.06
80.0	75.0_85.0	11	Western Gotland Basin	7.36	0.16	30.0	7.71	7.17			75.0	85.0	6.85	8.03
80.0	75.0_85.0	12	Western Gotland Basin	7.36	0.13	23.0	7.61	7.19			75.0	85.0	6.93	7.87
90.0	85.0_95.0	1	Western Gotland Basin	7.32	0.2	27.0	8.22	7.14			85.0	95.0	6.74	8.62
90.0	85.0_95.0	2	Western Gotland Basin	7.27	0.12	18.0	7.66	7.14			85.0	95.0	6.9	7.9
90.0	85.0_95.0	3	Western Gotland Basin	7.36	0.24	21.0	8.06	7.15			85.0	95.0	6.67	8.54
90.0	85.0_95.0	4	Western Gotland Basin	7.36	0.23	16.0	8.12	7.18			85.0	95.0	6.72	8.58
90.0	85.0_95.0	6	Western Gotland Basin	7.34	0.16	17.0	7.72	7.18			85.0	95.0	6.86	8.04
90.0	85.0_95.0	8	Western Gotland Basin	7.33	0.14	17.0	7.55	7.16			85.0	95.0	6.88	7.83
90.0	85.0_95.0	11	Western Gotland Basin	7.3	0.13	28.0	7.64	7.16			85.0	95.0	6.9	7.9
90.0	85.0_95.0	12	Western Gotland Basin	7.3	0.12	25.0	7.54	7.15			85.0	95.0	6.91	7.78
100.0	95.0_112.5	1	Western Gotland Basin	7.29	0.16	26.0	7.97	7.14			95.0	112.5	6.82	8.29
100.0	95.0_112.5	2	Western Gotland Basin	7.24	0.06	18.0	7.36	7.16			95.0	112.5	7.04	7.48
100.0	95.0_112.5	3	Western Gotland Basin	7.32	0.24	21.0	8.15	7.14			95.0	112.5	6.66	8.63
100.0	95.0_112.5	6	Western Gotland Basin	7.3	0.12	17.0	7.63	7.18			95.0	112.5	6.94	7.87
100.0	95.0_112.5	8	Western Gotland Basin	7.31	0.12	16.0	7.49	7.17			95.0	112.5	6.93	7.73
100.0	95.0_112.5	11	Western Gotland Basin	7.27	0.1	30.0	7.56	7.16			95.0	112.5	6.96	7.76
100.0	95.0_112.5	12	Western Gotland Basin	7.26	0.1	25.0	7.51	7.15			95.0	112.5	6.95	7.71
125.0	112.5_137.5	1	Western Gotland Basin	7.27	0.11	18.0	7.64	7.17			112.5	137.5	6.95	7.86
125.0	112.5_137.5	11	Western Gotland Basin	7.25	0.08	21.0	7.49	7.16			112.5	137.5	7.0	7.65
125.0	112.5_137.5	12	Western Gotland Basin	7.26	0.1	18.0	7.5	7.18			112.5	137.5	6.98	7.7
150.0	137.5_162.5	1	Western Gotland Basin	7.24	0.06	18.0	7.34	7.16			137.5	162.5	7.04	7.46
150.0	137.5_162.5	11	Western Gotland Basin	7.25	0.08	21.0	7.43	7.17			137.5	162.5	7.01	7.59
150.0	137.5_162.5	12	Western Gotland Basin	7.24	0.08	18.0	7.44	7.18			137.5	162.5	7.02	7.6
175.0	162.5_187.5	1	Western Gotland Basin	7.24	0.06	18.0	7.34	7.15			162.5	187.5	7.03	7.46
175.0	162.5_187.5	11	Western Gotland Basin	7.24	0.06	18.0	7.36	7.16			162.5	187.5	7.04	7.48
175.0	162.5_187.5	12	Western Gotland Basin	7.24	0.09	16.0	7.45	7.17			162.5	187.5	6.99	7.63
200.0	187.5_212.5	1	Western Gotland Basin	7.23	0.06	17.0	7.33	7.16			187.5	212.5	7.04	7.45
200.0	187.5_212.5	11	Western Gotland Basin	7.24	0.07	18.0	7.4	7.16			187.5	212.5	7.02	7.54
200.0	187.5_212.5	12	Western Gotland Basin	7.23	0.08	18.0	7.45	7.18			187.5	212.5	7.02	7.61
225.0	212.5_237.5	11	Western Gotland Basin	7.22	0.04	16.0	7.31	7.17			212.5	237.5	7.09	7.39
225.0	212.5_237.5	12	Western Gotland Basin	7.22	0.06	16.0	7.44	7.17			212.5	237.5	7.05	7.56
250.0	237.5_275.0	11	Western Gotland Basin	7.21	0.04	16.0	7.3	7.17			237.5	275.0	7.09	7.38
250.0	237.5_275.0	12	Western Gotland Basin	7.22	0.06	16.0	7.44	7.17			237.5	275.0	7.05	7.56
300.0	275.0_350.0	11	Western Gotland Basin	7.22	0.06	18.0	7.37	7.16			275.0	350.0	7.04	7.49
300.0	275.0_350.0	12	Western Gotland Basin	7.22	0.07	16.0	7.45	7.17			275.0	350.0	7.03	7.59
400.0	350.0_425.0	11	Western Gotland Basin	7.21	0.04	18.0	7.29	7.15			350.0	425.0	7.07	7.37
450.0	425.0_475.0	11	Western Gotland Basin	7.21	0.04	17.0	7.28	7.15			425.0	475.0	7.07	7.36
450.0	425.0_475.0	12	Western Gotland Basin	7.22	0.07	16.0	7.45	7.17			425.0	475.0	7.03	7.59
