depth	depth_interval	month	sea_basin	mean	std	count	max	min	95p	5p	min_depth	max_depth	min_range_value	max_range_value
0.0	0_2.5	2	18	7.45	0.41	22.0	7.9	6.4			0.0	2.5	5.58	8.72
0.0	0_2.5	7	18	7.92	0.24	18.0	8.38	7.6			0.0	2.5	7.12	8.86
0.0	0_2.5	8	18	7.8	0.29	29.0	8.29	7.2			0.0	2.5	6.62	8.87
0.0	0_2.5	11	18	7.49	0.26	22.0	7.9	7.1			0.0	2.5	6.58	8.42
5.0	2.5_7.5	8	18	7.84	0.24	25.0	8.21	7.3			2.5	7.5	6.82	8.69
5.0	2.5_7.5	11	18	7.68	0.19	17.0	7.8	7.2			2.5	7.5	6.82	8.18
0.0	0_2.5	3	22	7.01	0.2	35.0	7.3	6.5			0.0	2.5	6.1	7.7
0.0	0_2.5	6	22	7.26	0.22	42.0	7.6	6.75			0.0	2.5	6.31	8.04
0.0	0_2.5	7	22	7.42	0.24	27.0	7.99	7.1			0.0	2.5	6.62	8.47
0.0	0_2.5	8	22	7.38	0.25	54.0	8.05	6.7			0.0	2.5	6.2	8.55
0.0	0_2.5	9	22	7.3	0.29	41.0	7.67	6.4			0.0	2.5	5.82	8.25
5.0	2.5_7.5	3	22	7.17	0.2	32.0	7.6	6.89			2.5	7.5	6.49	8.0
5.0	2.5_7.5	6	22	7.34	0.2	38.0	7.7	6.9			2.5	7.5	6.5	8.1
5.0	2.5_7.5	7	22	7.43	0.23	22.0	7.82	7.1			2.5	7.5	6.64	8.28
5.0	2.5_7.5	8	22	7.38	0.26	50.0	7.8	6.6			2.5	7.5	6.08	8.32
5.0	2.5_7.5	9	22	7.39	0.25	34.0	7.7	6.6			2.5	7.5	6.1	8.2
10.0	7.5_12.5	6	22	7.38	0.2	18.0	7.7	7.1			7.5	12.5	6.7	8.1
10.0	7.5_12.5	8	22	7.36	0.27	23.0	7.7	6.7			7.5	12.5	6.16	8.24
10.0	7.5_12.5	9	22	7.41	0.25	16.0	7.7	6.8			7.5	12.5	6.3	8.2
0.0	0_2.5	1	Bornholm Basin	7.86	0.04	23.0	7.99	7.78			0.0	2.5	7.7	8.07
0.0	0_2.5	2	Bornholm Basin	7.87	0.07	17.0	8.13	7.82			0.0	2.5	7.68	8.27
0.0	0_2.5	3	Bornholm Basin	7.89	0.05	30.0	8.03	7.81			0.0	2.5	7.71	8.13
0.0	0_2.5	4	Bornholm Basin	8.07	0.09	28.0	8.22	7.86			0.0	2.5	7.68	8.4
0.0	0_2.5	5	Bornholm Basin	8.23	0.17	23.0	8.68	8.0			0.0	2.5	7.66	9.02
0.0	0_2.5	6	Bornholm Basin	8.22	0.1	21.0	8.51	8.11			0.0	2.5	7.91	8.71
0.0	0_2.5	7	Bornholm Basin	8.31	0.11	24.0	8.57	8.08			0.0	2.5	7.86	8.79
0.0	0_2.5	8	Bornholm Basin	8.29	0.11	23.0	8.53	8.16			0.0	2.5	7.94	8.75
0.0	0_2.5	9	Bornholm Basin	8.09	0.08	24.0	8.23	7.92			0.0	2.5	7.76	8.39
0.0	0_2.5	10	Bornholm Basin	8.03	0.11	23.0	8.39	7.87			0.0	2.5	7.65	8.61
0.0	0_2.5	11	Bornholm Basin	7.94	0.06	27.0	8.09	7.86			0.0	2.5	7.74	8.21
0.0	0_2.5	12	Bornholm Basin	7.86	0.06	22.0	7.96	7.72			0.0	2.5	7.6	8.08
5.0	2.5_7.5	1	Bornholm Basin	7.86	0.05	22.0	7.99	7.78			2.5	7.5	7.68	8.09
5.0	2.5_7.5	2	Bornholm Basin	7.86	0.03	18.0	7.91	7.79			2.5	7.5	7.73	7.97
5.0	2.5_7.5	3	Bornholm Basin	7.89	0.05	30.0	8.02	7.8			2.5	7.5	7.7	8.12
5.0	2.5_7.5	4	Bornholm Basin	8.07	0.09	28.0	8.23	7.87			2.5	7.5	7.69	8.41
5.0	2.5_7.5	5	Bornholm Basin	8.24	0.17	23.0	8.67	8.0			2.5	7.5	7.66	9.01
5.0	2.5_7.5	6	Bornholm Basin	8.22	0.1	21.0	8.51	8.11			2.5	7.5	7.91	8.71
5.0	2.5_7.5	7	Bornholm Basin	8.32	0.1	25.0	8.57	8.19			2.5	7.5	7.99	8.77
5.0	2.5_7.5	8	Bornholm Basin	8.29	0.11	23.0	8.53	8.15			2.5	7.5	7.93	8.75
5.0	2.5_7.5	9	Bornholm Basin	8.09	0.08	24.0	8.22	7.92			2.5	7.5	7.76	8.38
5.0	2.5_7.5	10	Bornholm Basin	8.02	0.08	23.0	8.2	7.89			2.5	7.5	7.73	8.36
5.0	2.5_7.5	11	Bornholm Basin	7.94	0.06	27.0	8.06	7.86			2.5	7.5	7.74	8.18
5.0	2.5_7.5	12	Bornholm Basin	7.86	0.05	22.0	7.95	7.71			2.5	7.5	7.61	8.05
10.0	7.5_12.5	1	Bornholm Basin	7.86	0.04	23.0	7.98	7.78			7.5	12.5	7.7	8.06
10.0	7.5_12.5	2	Bornholm Basin	7.85	0.02	18.0	7.88	7.81			7.5	12.5	7.77	7.92
10.0	7.5_12.5	3	Bornholm Basin	7.89	0.05	30.0	8.0	7.78			7.5	12.5	7.68	8.1
10.0	7.5_12.5	4	Bornholm Basin	8.07	0.09	28.0	8.26	7.87			7.5	12.5	7.69	8.44
10.0	7.5_12.5	5	Bornholm Basin	8.23	0.17	23.0	8.67	7.99			7.5	12.5	7.65	9.01
10.0	7.5_12.5	6	Bornholm Basin	8.21	0.1	21.0	8.5	8.1			7.5	12.5	7.9	8.7
10.0	7.5_12.5	7	Bornholm Basin	8.29	0.1	25.0	8.51	8.09			7.5	12.5	7.89	8.71
10.0	7.5_12.5	8	Bornholm Basin	8.27	0.11	23.0	8.5	8.11			7.5	12.5	7.89	8.72
10.0	7.5_12.5	9	Bornholm Basin	8.08	0.08	24.0	8.22	7.92			7.5	12.5	7.76	8.38
10.0	7.5_12.5	10	Bornholm Basin	8.0	0.07	23.0	8.16	7.91			7.5	12.5	7.77	8.3
10.0	7.5_12.5	11	Bornholm Basin	7.94	0.06	27.0	8.06	7.85			7.5	12.5	7.73	8.18
10.0	7.5_12.5	12	Bornholm Basin	7.86	0.05	22.0	7.95	7.72			7.5	12.5	7.62	8.05
15.0	12.5_17.5	1	Bornholm Basin	7.86	0.04	23.0	7.98	7.77			12.5	17.5	7.69	8.06
15.0	12.5_17.5	2	Bornholm Basin	7.85	0.02	18.0	7.88	7.79			12.5	17.5	7.75	7.92
15.0	12.5_17.5	3	Bornholm Basin	7.88	0.04	28.0	7.97	7.78			12.5	17.5	7.7	8.05
15.0	12.5_17.5	4	Bornholm Basin	8.05	0.08	26.0	8.21	7.87			12.5	17.5	7.71	8.37
15.0	12.5_17.5	5	Bornholm Basin	8.19	0.17	22.0	8.63	7.98			12.5	17.5	7.64	8.97
15.0	12.5_17.5	6	Bornholm Basin	8.2	0.1	21.0	8.49	8.09			12.5	17.5	7.89	8.69
15.0	12.5_17.5	7	Bornholm Basin	8.2	0.08	25.0	8.31	8.03			12.5	17.5	7.87	8.47
15.0	12.5_17.5	8	Bornholm Basin	8.16	0.09	23.0	8.3	7.98			12.5	17.5	7.8	8.48
15.0	12.5_17.5	9	Bornholm Basin	8.07	0.07	21.0	8.17	7.92			12.5	17.5	7.78	8.31
15.0	12.5_17.5	10	Bornholm Basin	8.0	0.06	23.0	8.15	7.91			12.5	17.5	7.79	8.27
15.0	12.5_17.5	11	Bornholm Basin	7.93	0.06	25.0	8.05	7.85			12.5	17.5	7.73	8.17
15.0	12.5_17.5	12	Bornholm Basin	7.86	0.05	22.0	7.94	7.72			12.5	17.5	7.62	8.04
20.0	17.5_25.0	1	Bornholm Basin	7.86	0.04	23.0	7.98	7.77			17.5	25.0	7.69	8.06
20.0	17.5_25.0	2	Bornholm Basin	7.85	0.03	18.0	7.9	7.8			17.5	25.0	7.74	7.96
20.0	17.5_25.0	3	Bornholm Basin	7.88	0.04	28.0	7.97	7.77			17.5	25.0	7.69	8.05
20.0	17.5_25.0	4	Bornholm Basin	8.05	0.08	26.0	8.21	7.87			17.5	25.0	7.71	8.37
20.0	17.5_25.0	5	Bornholm Basin	8.13	0.15	22.0	8.56	7.91			17.5	25.0	7.61	8.86
20.0	17.5_25.0	6	Bornholm Basin	8.11	0.11	21.0	8.37	7.93			17.5	25.0	7.71	8.59
20.0	17.5_25.0	7	Bornholm Basin	8.08	0.13	25.0	8.29	7.69			17.5	25.0	7.43	8.55
20.0	17.5_25.0	8	Bornholm Basin	8.03	0.14	22.0	8.22	7.77			17.5	25.0	7.49	8.5
20.0	17.5_25.0	9	Bornholm Basin	8.07	0.07	21.0	8.18	7.91			17.5	25.0	7.77	8.32
20.0	17.5_25.0	10	Bornholm Basin	7.99	0.05	23.0	8.1	7.9			17.5	25.0	7.8	8.2
20.0	17.5_25.0	11	Bornholm Basin	7.93	0.06	25.0	8.07	7.85			17.5	25.0	7.73	8.19
20.0	17.5_25.0	12	Bornholm Basin	7.86	0.05	22.0	7.93	7.72			17.5	25.0	7.62	8.03
30.0	25.0_35.0	1	Bornholm Basin	7.86	0.07	23.0	8.1	7.76			25.0	35.0	7.62	8.24
30.0	25.0_35.0	2	Bornholm Basin	7.84	0.02	18.0	7.89	7.79			25.0	35.0	7.75	7.93
30.0	25.0_35.0	3	Bornholm Basin	7.87	0.04	28.0	7.93	7.78			25.0	35.0	7.7	8.01
30.0	25.0_35.0	4	Bornholm Basin	7.99	0.08	26.0	8.18	7.86			25.0	35.0	7.7	8.34
30.0	25.0_35.0	5	Bornholm Basin	7.97	0.1	22.0	8.13	7.79			25.0	35.0	7.59	8.33
30.0	25.0_35.0	6	Bornholm Basin	7.95	0.08	21.0	8.1	7.81			25.0	35.0	7.65	8.26
30.0	25.0_35.0	7	Bornholm Basin	7.89	0.13	25.0	8.19	7.68			25.0	35.0	7.42	8.45
30.0	25.0_35.0	8	Bornholm Basin	7.81	0.16	23.0	8.16	7.63			25.0	35.0	7.31	8.48
30.0	25.0_35.0	9	Bornholm Basin	7.83	0.2	21.0	8.14	7.55			25.0	35.0	7.15	8.54
30.0	25.0_35.0	10	Bornholm Basin	7.93	0.13	22.0	8.05	7.53			25.0	35.0	7.27	8.31
30.0	25.0_35.0	11	Bornholm Basin	7.92	0.06	24.0	8.06	7.79			25.0	35.0	7.67	8.18
30.0	25.0_35.0	12	Bornholm Basin	7.86	0.05	21.0	7.93	7.72			25.0	35.0	7.62	8.03
40.0	35.0_45.0	1	Bornholm Basin	7.82	0.16	23.0	7.99	7.12			35.0	45.0	6.8	8.31
40.0	35.0_45.0	2	Bornholm Basin	7.85	0.04	18.0	7.97	7.78			35.0	45.0	7.7	8.05
40.0	35.0_45.0	3	Bornholm Basin	7.85	0.06	28.0	7.92	7.63			35.0	45.0	7.51	8.04
40.0	35.0_45.0	4	Bornholm Basin	7.94	0.1	26.0	8.18	7.72			35.0	45.0	7.52	8.38
40.0	35.0_45.0	5	Bornholm Basin	7.88	0.12	22.0	8.13	7.63			35.0	45.0	7.39	8.37
40.0	35.0_45.0	6	Bornholm Basin	7.84	0.08	21.0	8.01	7.67			35.0	45.0	7.51	8.17
40.0	35.0_45.0	7	Bornholm Basin	7.74	0.09	25.0	7.9	7.63			35.0	45.0	7.45	8.08
40.0	35.0_45.0	8	Bornholm Basin	7.66	0.09	23.0	7.83	7.52			35.0	45.0	7.34	8.01
40.0	35.0_45.0	9	Bornholm Basin	7.6	0.11	21.0	7.8	7.3			35.0	45.0	7.08	8.02
40.0	35.0_45.0	10	Bornholm Basin	7.7	0.19	22.0	7.98	7.37			35.0	45.0	6.99	8.36
40.0	35.0_45.0	11	Bornholm Basin	7.79	0.21	25.0	8.03	7.38			35.0	45.0	6.96	8.45
40.0	35.0_45.0	12	Bornholm Basin	7.84	0.08	22.0	7.93	7.56			35.0	45.0	7.4	8.09
50.0	45.0_55.0	1	Bornholm Basin	7.68	0.21	22.0	7.9	7.16			45.0	55.0	6.74	8.32
50.0	45.0_55.0	2	Bornholm Basin	7.72	0.12	17.0	7.87	7.47			45.0	55.0	7.23	8.11
50.0	45.0_55.0	3	Bornholm Basin	7.71	0.15	27.0	7.88	7.27			45.0	55.0	6.97	8.18
50.0	45.0_55.0	4	Bornholm Basin	7.8	0.15	26.0	8.04	7.5			45.0	55.0	7.2	8.34
50.0	45.0_55.0	5	Bornholm Basin	7.71	0.15	22.0	8.0	7.41			45.0	55.0	7.11	8.3
50.0	45.0_55.0	6	Bornholm Basin	7.71	0.1	21.0	7.89	7.51			45.0	55.0	7.31	8.09
50.0	45.0_55.0	7	Bornholm Basin	7.58	0.11	25.0	7.8	7.37			45.0	55.0	7.15	8.02
50.0	45.0_55.0	8	Bornholm Basin	7.54	0.11	22.0	7.83	7.36			45.0	55.0	7.14	8.05
50.0	45.0_55.0	9	Bornholm Basin	7.48	0.14	21.0	7.72	7.18			45.0	55.0	6.9	8.0
50.0	45.0_55.0	10	Bornholm Basin	7.47	0.11	22.0	7.74	7.31			45.0	55.0	7.09	7.96
50.0	45.0_55.0	11	Bornholm Basin	7.47	0.14	24.0	7.9	7.29			45.0	55.0	7.01	8.18
50.0	45.0_55.0	12	Bornholm Basin	7.6	0.2	22.0	7.91	7.29			45.0	55.0	6.89	8.31
60.0	55.0_65.0	1	Bornholm Basin	7.43	0.14	22.0	7.75	7.24			55.0	65.0	6.96	8.03
60.0	55.0_65.0	2	Bornholm Basin	7.48	0.14	18.0	7.75	7.27			55.0	65.0	6.99	8.03
60.0	55.0_65.0	3	Bornholm Basin	7.48	0.14	27.0	7.77	7.27			55.0	65.0	6.99	8.05
60.0	55.0_65.0	4	Bornholm Basin	7.54	0.15	26.0	7.88	7.26			55.0	65.0	6.96	8.18
60.0	55.0_65.0	5	Bornholm Basin	7.49	0.11	22.0	7.68	7.3			55.0	65.0	7.08	7.9
60.0	55.0_65.0	6	Bornholm Basin	7.47	0.11	21.0	7.65	7.27			55.0	65.0	7.05	7.87
60.0	55.0_65.0	7	Bornholm Basin	7.43	0.11	25.0	7.62	7.21			55.0	65.0	6.99	7.84
60.0	55.0_65.0	8	Bornholm Basin	7.42	0.08	22.0	7.57	7.25			55.0	65.0	7.09	7.73
60.0	55.0_65.0	9	Bornholm Basin	7.34	0.12	21.0	7.55	7.06			55.0	65.0	6.82	7.79
60.0	55.0_65.0	10	Bornholm Basin	7.35	0.12	22.0	7.53	7.16			55.0	65.0	6.92	7.77
60.0	55.0_65.0	11	Bornholm Basin	7.34	0.1	24.0	7.67	7.2			55.0	65.0	7.0	7.87
60.0	55.0_65.0	12	Bornholm Basin	7.36	0.1	22.0	7.57	7.14			55.0	65.0	6.94	7.77
70.0	65.0_75.0	1	Bornholm Basin	7.28	0.12	23.0	7.59	7.11			65.0	75.0	6.87	7.83
70.0	65.0_75.0	2	Bornholm Basin	7.31	0.13	18.0	7.57	7.12			65.0	75.0	6.86	7.83
70.0	65.0_75.0	3	Bornholm Basin	7.33	0.15	27.0	7.72	7.08			65.0	75.0	6.78	8.02
70.0	65.0_75.0	4	Bornholm Basin	7.36	0.14	25.0	7.64	7.14			65.0	75.0	6.86	7.92
70.0	65.0_75.0	5	Bornholm Basin	7.31	0.12	22.0	7.59	7.09			65.0	75.0	6.85	7.83
70.0	65.0_75.0	6	Bornholm Basin	7.24	0.1	21.0	7.5	7.08			65.0	75.0	6.88	7.7
70.0	65.0_75.0	7	Bornholm Basin	7.22	0.09	25.0	7.42	7.07			65.0	75.0	6.89	7.6
70.0	65.0_75.0	8	Bornholm Basin	7.24	0.11	23.0	7.57	7.07			65.0	75.0	6.85	7.79
70.0	65.0_75.0	9	Bornholm Basin	7.17	0.1	21.0	7.37	7.01			65.0	75.0	6.81	7.57
70.0	65.0_75.0	10	Bornholm Basin	7.2	0.11	21.0	7.43	7.03			65.0	75.0	6.81	7.65
70.0	65.0_75.0	11	Bornholm Basin	7.19	0.09	24.0	7.33	7.03			65.0	75.0	6.85	7.51
70.0	65.0_75.0	12	Bornholm Basin	7.22	0.1	22.0	7.49	7.09			65.0	75.0	6.89	7.69
80.0	75.0_85.0	1	Bornholm Basin	7.22	0.09	23.0	7.37	7.05			75.0	85.0	6.87	7.55
80.0	75.0_85.0	2	Bornholm Basin	7.24	0.13	18.0	7.63	7.09			75.0	85.0	6.83	7.89
80.0	75.0_85.0	3	Bornholm Basin	7.24	0.18	27.0	7.73	7.06			75.0	85.0	6.7	8.09
80.0	75.0_85.0	4	Bornholm Basin	7.24	0.14	25.0	7.63	7.05			75.0	85.0	6.77	7.91
80.0	75.0_85.0	5	Bornholm Basin	7.19	0.1	22.0	7.5	7.07			75.0	85.0	6.87	7.7
80.0	75.0_85.0	6	Bornholm Basin	7.17	0.1	21.0	7.43	7.07			75.0	85.0	6.87	7.63
80.0	75.0_85.0	7	Bornholm Basin	7.16	0.1	24.0	7.42	7.02			75.0	85.0	6.82	7.62
80.0	75.0_85.0	8	Bornholm Basin	7.15	0.07	22.0	7.29	7.0			75.0	85.0	6.86	7.43
80.0	75.0_85.0	9	Bornholm Basin	7.1	0.09	21.0	7.25	6.86			75.0	85.0	6.68	7.43
80.0	75.0_85.0	10	Bornholm Basin	7.13	0.08	22.0	7.35	7.03			75.0	85.0	6.87	7.51
80.0	75.0_85.0	11	Bornholm Basin	7.2	0.18	24.0	7.92	7.02			75.0	85.0	6.66	8.28
80.0	75.0_85.0	12	Bornholm Basin	7.18	0.11	22.0	7.59	7.05			75.0	85.0	6.83	7.81
90.0	85.0_95.0	3	Bornholm Basin	7.21	0.17	19.0	7.75	7.06			85.0	95.0	6.72	8.09
90.0	85.0_95.0	4	Bornholm Basin	7.21	0.07	16.0	7.38	7.1			85.0	95.0	6.96	7.52
90.0	85.0_95.0	7	Bornholm Basin	7.16	0.08	18.0	7.35	7.07			85.0	95.0	6.91	7.51
90.0	85.0_95.0	8	Bornholm Basin	7.2	0.21	16.0	7.95	6.99			85.0	95.0	6.57	8.37
90.0	85.0_95.0	10	Bornholm Basin	7.17	0.1	16.0	7.49	7.07			85.0	95.0	6.87	7.69
90.0	85.0_95.0	11	Bornholm Basin	7.2	0.11	16.0	7.51	7.02			85.0	95.0	6.8	7.73
90.0	85.0_95.0	12	Bornholm Basin	7.17	0.06	17.0	7.29	7.09			85.0	95.0	6.97	7.41
0.0	0_2.5	12	Bothnian Bay	7.64	0.06	27.0	7.78	7.52			0.0	2.5	7.4	7.9
5.0	2.5_7.5	12	Bothnian Bay	7.64	0.05	28.0	7.76	7.55			2.5	7.5	7.45	7.86
10.0	7.5_12.5	12	Bothnian Bay	7.64	0.06	29.0	7.8	7.56			7.5	12.5	7.44	7.92
15.0	12.5_17.5	12	Bothnian Bay	7.65	0.04	21.0	7.75	7.59			12.5	17.5	7.51	7.83
20.0	17.5_25.0	12	Bothnian Bay	7.65	0.04	21.0	7.75	7.59			17.5	25.0	7.51	7.83
30.0	25.0_35.0	12	Bothnian Bay	7.64	0.04	21.0	7.74	7.59			25.0	35.0	7.51	7.82
40.0	35.0_45.0	12	Bothnian Bay	7.62	0.06	24.0	7.75	7.51			35.0	45.0	7.39	7.87
50.0	45.0_55.0	12	Bothnian Bay	7.54	0.11	21.0	7.73	7.36			45.0	55.0	7.14	7.95
60.0	55.0_65.0	12	Bothnian Bay	7.45	0.1	24.0	7.61	7.33			55.0	65.0	7.13	7.81
70.0	65.0_75.0	12	Bothnian Bay	7.42	0.08	21.0	7.58	7.31			65.0	75.0	7.15	7.74
80.0	75.0_85.0	12	Bothnian Bay	7.37	0.07	24.0	7.58	7.29			75.0	85.0	7.15	7.72
90.0	85.0_95.0	12	Bothnian Bay	7.35	0.05	20.0	7.45	7.27			85.0	95.0	7.17	7.55
100.0	95.0_112.5	12	Bothnian Bay	7.33	0.06	20.0	7.44	7.19			95.0	112.5	7.07	7.56
0.0	0_2.5	12	Bothnian Sea	7.78	0.07	37.0	8.02	7.62			0.0	2.5	7.48	8.16
5.0	2.5_7.5	12	Bothnian Sea	7.77	0.06	37.0	7.88	7.62			2.5	7.5	7.5	8.0
10.0	7.5_12.5	12	Bothnian Sea	7.78	0.07	37.0	8.0	7.65			7.5	12.5	7.51	8.14
15.0	12.5_17.5	12	Bothnian Sea	7.79	0.05	26.0	7.89	7.66			12.5	17.5	7.56	7.99
20.0	17.5_25.0	12	Bothnian Sea	7.79	0.05	25.0	7.89	7.66			17.5	25.0	7.56	7.99
30.0	25.0_35.0	12	Bothnian Sea	7.78	0.05	26.0	7.9	7.67			25.0	35.0	7.57	8.0
40.0	35.0_45.0	12	Bothnian Sea	7.76	0.07	32.0	7.89	7.56			35.0	45.0	7.42	8.03
50.0	45.0_55.0	12	Bothnian Sea	7.7	0.14	26.0	7.89	7.36			45.0	55.0	7.08	8.17
60.0	55.0_65.0	12	Bothnian Sea	7.58	0.18	32.0	7.88	7.27			55.0	65.0	6.91	8.24
70.0	65.0_75.0	12	Bothnian Sea	7.49	0.15	27.0	7.89	7.27			65.0	75.0	6.97	8.19
80.0	75.0_85.0	12	Bothnian Sea	7.44	0.12	31.0	7.73	7.23			75.0	85.0	6.99	7.97
90.0	85.0_95.0	12	Bothnian Sea	7.42	0.1	26.0	7.68	7.24			85.0	95.0	7.04	7.88
100.0	95.0_112.5	12	Bothnian Sea	7.4	0.09	26.0	7.6	7.19			95.0	112.5	7.01	7.78
125.0	112.5_137.5	12	Bothnian Sea	7.37	0.08	23.0	7.53	7.17			112.5	137.5	7.01	7.69
150.0	137.5_162.5	12	Bothnian Sea	7.31	0.1	18.0	7.53	7.16			137.5	162.5	6.96	7.73
0.0	0_2.5	1	Eastern Gotland Basin	7.85	0.05	34.0	8.0	7.77			0.0	2.5	7.67	8.1
0.0	0_2.5	2	Eastern Gotland Basin	7.85	0.04	24.0	7.99	7.78			0.0	2.5	7.7	8.07
0.0	0_2.5	3	Eastern Gotland Basin	7.85	0.04	35.0	7.93	7.77			0.0	2.5	7.69	8.01
0.0	0_2.5	4	Eastern Gotland Basin	8.02	0.11	38.0	8.26	7.82			0.0	2.5	7.6	8.48
0.0	0_2.5	5	Eastern Gotland Basin	8.33	0.18	29.0	8.79	7.94			0.0	2.5	7.58	9.15
0.0	0_2.5	6	Eastern Gotland Basin	8.38	0.17	32.0	8.78	8.13			0.0	2.5	7.79	9.12
0.0	0_2.5	7	Eastern Gotland Basin	8.44	0.13	32.0	8.67	8.15			0.0	2.5	7.89	8.93
0.0	0_2.5	8	Eastern Gotland Basin	8.4	0.11	32.0	8.62	8.18			0.0	2.5	7.96	8.84
0.0	0_2.5	9	Eastern Gotland Basin	8.14	0.09	29.0	8.29	7.96			0.0	2.5	7.78	8.47
0.0	0_2.5	10	Eastern Gotland Basin	8.04	0.07	32.0	8.19	7.89			0.0	2.5	7.75	8.33
0.0	0_2.5	11	Eastern Gotland Basin	7.93	0.05	36.0	8.06	7.83			0.0	2.5	7.73	8.16
0.0	0_2.5	12	Eastern Gotland Basin	7.86	0.05	33.0	7.94	7.72			0.0	2.5	7.62	8.04
5.0	2.5_7.5	1	Eastern Gotland Basin	7.85	0.04	34.0	7.97	7.77			2.5	7.5	7.69	8.05
5.0	2.5_7.5	2	Eastern Gotland Basin	7.85	0.08	24.0	8.21	7.77			2.5	7.5	7.61	8.37
5.0	2.5_7.5	3	Eastern Gotland Basin	7.85	0.04	35.0	7.93	7.78			2.5	7.5	7.7	8.01
5.0	2.5_7.5	4	Eastern Gotland Basin	8.02	0.11	38.0	8.28	7.82			2.5	7.5	7.6	8.5
5.0	2.5_7.5	5	Eastern Gotland Basin	8.34	0.17	29.0	8.79	7.96			2.5	7.5	7.62	9.13
5.0	2.5_7.5	6	Eastern Gotland Basin	8.38	0.18	32.0	8.81	8.12			2.5	7.5	7.76	9.17
5.0	2.5_7.5	7	Eastern Gotland Basin	8.45	0.12	34.0	8.68	8.2			2.5	7.5	7.96	8.92
5.0	2.5_7.5	8	Eastern Gotland Basin	8.41	0.11	32.0	8.62	8.2			2.5	7.5	7.98	8.84
5.0	2.5_7.5	9	Eastern Gotland Basin	8.14	0.08	29.0	8.28	7.96			2.5	7.5	7.8	8.44
5.0	2.5_7.5	10	Eastern Gotland Basin	8.05	0.1	30.0	8.42	7.9			2.5	7.5	7.7	8.62
5.0	2.5_7.5	11	Eastern Gotland Basin	7.93	0.05	36.0	8.05	7.81			2.5	7.5	7.71	8.15
5.0	2.5_7.5	12	Eastern Gotland Basin	7.86	0.05	34.0	7.94	7.73			2.5	7.5	7.63	8.04
10.0	7.5_12.5	1	Eastern Gotland Basin	7.84	0.04	33.0	7.96	7.77			7.5	12.5	7.69	8.04
10.0	7.5_12.5	2	Eastern Gotland Basin	7.83	0.03	24.0	7.9	7.77			7.5	12.5	7.71	7.96
10.0	7.5_12.5	3	Eastern Gotland Basin	7.84	0.04	35.0	7.93	7.75			7.5	12.5	7.67	8.01
10.0	7.5_12.5	4	Eastern Gotland Basin	8.01	0.1	38.0	8.25	7.84			7.5	12.5	7.64	8.45
10.0	7.5_12.5	5	Eastern Gotland Basin	8.33	0.18	29.0	8.79	7.95			7.5	12.5	7.59	9.15
10.0	7.5_12.5	6	Eastern Gotland Basin	8.36	0.17	32.0	8.79	8.1			7.5	12.5	7.76	9.13
10.0	7.5_12.5	7	Eastern Gotland Basin	8.41	0.1	32.0	8.62	8.19			7.5	12.5	7.99	8.82
10.0	7.5_12.5	8	Eastern Gotland Basin	8.39	0.1	32.0	8.61	8.21			7.5	12.5	8.01	8.81
10.0	7.5_12.5	9	Eastern Gotland Basin	8.14	0.08	29.0	8.27	7.96			7.5	12.5	7.8	8.43
10.0	7.5_12.5	10	Eastern Gotland Basin	8.04	0.08	31.0	8.25	7.91			7.5	12.5	7.75	8.41
10.0	7.5_12.5	11	Eastern Gotland Basin	7.92	0.05	36.0	8.03	7.83			7.5	12.5	7.73	8.13
10.0	7.5_12.5	12	Eastern Gotland Basin	7.86	0.05	34.0	7.96	7.73			7.5	12.5	7.63	8.06
15.0	12.5_17.5	1	Eastern Gotland Basin	7.84	0.05	33.0	7.96	7.76			12.5	17.5	7.66	8.06
15.0	12.5_17.5	2	Eastern Gotland Basin	7.83	0.04	21.0	7.92	7.78			12.5	17.5	7.7	8.0
15.0	12.5_17.5	3	Eastern Gotland Basin	7.85	0.04	34.0	7.93	7.74			12.5	17.5	7.66	8.01
15.0	12.5_17.5	4	Eastern Gotland Basin	8.0	0.1	36.0	8.21	7.84			12.5	17.5	7.64	8.41
15.0	12.5_17.5	5	Eastern Gotland Basin	8.29	0.18	29.0	8.79	7.94			12.5	17.5	7.58	9.15
15.0	12.5_17.5	6	Eastern Gotland Basin	8.34	0.18	30.0	8.8	8.09			12.5	17.5	7.73	9.16
15.0	12.5_17.5	7	Eastern Gotland Basin	8.26	0.18	33.0	8.64	7.82			12.5	17.5	7.46	9.0
15.0	12.5_17.5	8	Eastern Gotland Basin	8.3	0.13	32.0	8.6	7.98			12.5	17.5	7.72	8.86
15.0	12.5_17.5	9	Eastern Gotland Basin	8.14	0.08	28.0	8.25	7.94			12.5	17.5	7.78	8.41
15.0	12.5_17.5	10	Eastern Gotland Basin	8.03	0.07	29.0	8.18	7.91			12.5	17.5	7.77	8.32
15.0	12.5_17.5	11	Eastern Gotland Basin	7.92	0.05	32.0	8.03	7.82			12.5	17.5	7.72	8.13
15.0	12.5_17.5	12	Eastern Gotland Basin	7.86	0.05	32.0	7.95	7.74			12.5	17.5	7.64	8.05
20.0	17.5_25.0	1	Eastern Gotland Basin	7.84	0.04	33.0	7.96	7.76			17.5	25.0	7.68	8.04
20.0	17.5_25.0	2	Eastern Gotland Basin	7.83	0.04	22.0	7.93	7.77			17.5	25.0	7.69	8.01
20.0	17.5_25.0	3	Eastern Gotland Basin	7.84	0.04	34.0	7.92	7.74			17.5	25.0	7.66	8.0
20.0	17.5_25.0	4	Eastern Gotland Basin	7.99	0.09	36.0	8.14	7.83			17.5	25.0	7.65	8.32
20.0	17.5_25.0	5	Eastern Gotland Basin	8.19	0.17	29.0	8.74	7.89			17.5	25.0	7.55	9.08
20.0	17.5_25.0	6	Eastern Gotland Basin	8.21	0.15	30.0	8.69	7.91			17.5	25.0	7.61	8.99
20.0	17.5_25.0	7	Eastern Gotland Basin	8.09	0.16	33.0	8.42	7.77			17.5	25.0	7.45	8.74
20.0	17.5_25.0	8	Eastern Gotland Basin	8.02	0.16	32.0	8.38	7.7			17.5	25.0	7.38	8.7
20.0	17.5_25.0	9	Eastern Gotland Basin	8.1	0.1	28.0	8.24	7.79			17.5	25.0	7.59	8.44
20.0	17.5_25.0	10	Eastern Gotland Basin	8.03	0.07	29.0	8.17	7.89			17.5	25.0	7.75	8.31
20.0	17.5_25.0	11	Eastern Gotland Basin	7.92	0.06	33.0	8.04	7.8			17.5	25.0	7.68	8.16
20.0	17.5_25.0	12	Eastern Gotland Basin	7.86	0.05	31.0	7.95	7.74			17.5	25.0	7.64	8.05
30.0	25.0_35.0	1	Eastern Gotland Basin	7.84	0.04	32.0	7.96	7.76			25.0	35.0	7.68	8.04
30.0	25.0_35.0	2	Eastern Gotland Basin	7.83	0.03	21.0	7.89	7.77			25.0	35.0	7.71	7.95
30.0	25.0_35.0	3	Eastern Gotland Basin	7.84	0.04	34.0	7.92	7.72			25.0	35.0	7.64	8.0
30.0	25.0_35.0	4	Eastern Gotland Basin	7.94	0.07	35.0	8.11	7.84			25.0	35.0	7.7	8.25
30.0	25.0_35.0	5	Eastern Gotland Basin	8.04	0.1	28.0	8.29	7.84			25.0	35.0	7.64	8.49
30.0	25.0_35.0	6	Eastern Gotland Basin	8.0	0.14	30.0	8.26	7.66			25.0	35.0	7.38	8.54
30.0	25.0_35.0	7	Eastern Gotland Basin	7.9	0.11	33.0	8.16	7.71			25.0	35.0	7.49	8.38
30.0	25.0_35.0	8	Eastern Gotland Basin	7.78	0.12	32.0	8.2	7.63			25.0	35.0	7.39	8.44
30.0	25.0_35.0	9	Eastern Gotland Basin	7.87	0.2	27.0	8.22	7.57			25.0	35.0	7.17	8.62
30.0	25.0_35.0	10	Eastern Gotland Basin	7.98	0.11	29.0	8.14	7.64			25.0	35.0	7.42	8.36
30.0	25.0_35.0	11	Eastern Gotland Basin	7.92	0.05	32.0	8.03	7.83			25.0	35.0	7.73	8.13
30.0	25.0_35.0	12	Eastern Gotland Basin	7.86	0.05	32.0	7.97	7.74			25.0	35.0	7.64	8.07
40.0	35.0_45.0	1	Eastern Gotland Basin	7.84	0.04	32.0	7.96	7.77			35.0	45.0	7.69	8.04
40.0	35.0_45.0	2	Eastern Gotland Basin	7.83	0.03	22.0	7.9	7.77			35.0	45.0	7.71	7.96
40.0	35.0_45.0	3	Eastern Gotland Basin	7.84	0.03	34.0	7.92	7.76			35.0	45.0	7.7	7.98
40.0	35.0_45.0	4	Eastern Gotland Basin	7.93	0.07	36.0	8.07	7.82			35.0	45.0	7.68	8.21
40.0	35.0_45.0	5	Eastern Gotland Basin	7.95	0.12	29.0	8.28	7.78			35.0	45.0	7.54	8.52
40.0	35.0_45.0	6	Eastern Gotland Basin	7.89	0.09	30.0	8.09	7.73			35.0	45.0	7.55	8.27
40.0	35.0_45.0	7	Eastern Gotland Basin	7.8	0.08	32.0	7.97	7.61			35.0	45.0	7.45	8.13
40.0	35.0_45.0	8	Eastern Gotland Basin	7.75	0.09	32.0	7.94	7.62			35.0	45.0	7.44	8.12
40.0	35.0_45.0	9	Eastern Gotland Basin	7.71	0.12	27.0	7.96	7.52			35.0	45.0	7.28	8.2
40.0	35.0_45.0	10	Eastern Gotland Basin	7.77	0.14	27.0	8.01	7.54			35.0	45.0	7.26	8.29
40.0	35.0_45.0	11	Eastern Gotland Basin	7.88	0.1	33.0	8.03	7.59			35.0	45.0	7.39	8.23
40.0	35.0_45.0	12	Eastern Gotland Basin	7.84	0.09	32.0	7.95	7.41			35.0	45.0	7.23	8.13
50.0	45.0_55.0	1	Eastern Gotland Basin	7.83	0.06	32.0	7.99	7.64			45.0	55.0	7.52	8.11
50.0	45.0_55.0	2	Eastern Gotland Basin	7.83	0.03	21.0	7.89	7.78			45.0	55.0	7.72	7.95
50.0	45.0_55.0	3	Eastern Gotland Basin	7.82	0.08	34.0	7.92	7.41			45.0	55.0	7.25	8.08
50.0	45.0_55.0	4	Eastern Gotland Basin	7.89	0.07	36.0	8.01	7.66			45.0	55.0	7.52	8.15
50.0	45.0_55.0	5	Eastern Gotland Basin	7.86	0.11	29.0	8.1	7.72			45.0	55.0	7.5	8.32
50.0	45.0_55.0	6	Eastern Gotland Basin	7.82	0.1	30.0	8.02	7.62			45.0	55.0	7.42	8.22
50.0	45.0_55.0	7	Eastern Gotland Basin	7.73	0.08	33.0	7.91	7.56			45.0	55.0	7.4	8.07
50.0	45.0_55.0	8	Eastern Gotland Basin	7.7	0.07	31.0	7.84	7.58			45.0	55.0	7.44	7.98
50.0	45.0_55.0	9	Eastern Gotland Basin	7.62	0.11	28.0	7.9	7.39			45.0	55.0	7.17	8.12
50.0	45.0_55.0	10	Eastern Gotland Basin	7.63	0.11	29.0	7.88	7.45			45.0	55.0	7.23	8.1
50.0	45.0_55.0	11	Eastern Gotland Basin	7.72	0.2	33.0	8.0	7.31			45.0	55.0	6.91	8.4
50.0	45.0_55.0	12	Eastern Gotland Basin	7.81	0.12	32.0	7.95	7.34			45.0	55.0	7.1	8.19
60.0	55.0_65.0	1	Eastern Gotland Basin	7.7	0.25	32.0	7.96	7.08			55.0	65.0	6.58	8.46
60.0	55.0_65.0	2	Eastern Gotland Basin	7.8	0.14	22.0	8.1	7.25			55.0	65.0	6.97	8.38
60.0	55.0_65.0	3	Eastern Gotland Basin	7.73	0.21	34.0	7.91	7.07			55.0	65.0	6.65	8.33
60.0	55.0_65.0	4	Eastern Gotland Basin	7.81	0.14	36.0	7.97	7.21			55.0	65.0	6.93	8.25
60.0	55.0_65.0	5	Eastern Gotland Basin	7.72	0.18	29.0	8.11	7.34			55.0	65.0	6.98	8.47
60.0	55.0_65.0	6	Eastern Gotland Basin	7.67	0.18	30.0	7.96	7.21			55.0	65.0	6.85	8.32
60.0	55.0_65.0	7	Eastern Gotland Basin	7.63	0.17	33.0	8.07	7.25			55.0	65.0	6.91	8.41
60.0	55.0_65.0	8	Eastern Gotland Basin	7.59	0.11	32.0	7.79	7.3			55.0	65.0	7.08	8.01
60.0	55.0_65.0	9	Eastern Gotland Basin	7.51	0.16	28.0	7.8	6.99			55.0	65.0	6.67	8.12
60.0	55.0_65.0	10	Eastern Gotland Basin	7.5	0.15	29.0	7.87	7.08			55.0	65.0	6.78	8.17
60.0	55.0_65.0	11	Eastern Gotland Basin	7.49	0.24	32.0	8.01	7.11			55.0	65.0	6.63	8.49
60.0	55.0_65.0	12	Eastern Gotland Basin	7.54	0.21	32.0	7.87	7.19			55.0	65.0	6.77	8.29
70.0	65.0_75.0	1	Eastern Gotland Basin	7.38	0.32	30.0	7.88	7.0			65.0	75.0	6.36	8.52
70.0	65.0_75.0	2	Eastern Gotland Basin	7.43	0.35	22.0	7.93	6.99			65.0	75.0	6.29	8.63
70.0	65.0_75.0	3	Eastern Gotland Basin	7.43	0.32	34.0	7.87	6.98			65.0	75.0	6.34	8.51
70.0	65.0_75.0	4	Eastern Gotland Basin	7.49	0.31	35.0	7.95	6.98			65.0	75.0	6.36	8.57
70.0	65.0_75.0	5	Eastern Gotland Basin	7.39	0.3	29.0	7.86	6.97			65.0	75.0	6.37	8.46
70.0	65.0_75.0	6	Eastern Gotland Basin	7.36	0.29	30.0	7.91	6.99			65.0	75.0	6.41	8.49
70.0	65.0_75.0	7	Eastern Gotland Basin	7.39	0.24	32.0	7.79	7.01			65.0	75.0	6.53	8.27
70.0	65.0_75.0	8	Eastern Gotland Basin	7.38	0.2	32.0	7.79	7.02			65.0	75.0	6.62	8.19
70.0	65.0_75.0	9	Eastern Gotland Basin	7.28	0.19	28.0	7.7	6.98			65.0	75.0	6.6	8.08
70.0	65.0_75.0	10	Eastern Gotland Basin	7.28	0.21	29.0	7.8	6.95			65.0	75.0	6.53	8.22
70.0	65.0_75.0	11	Eastern Gotland Basin	7.24	0.19	33.0	7.59	6.98			65.0	75.0	6.6	7.97
70.0	65.0_75.0	12	Eastern Gotland Basin	7.25	0.21	32.0	7.82	6.99			65.0	75.0	6.57	8.24
80.0	75.0_85.0	1	Eastern Gotland Basin	7.18	0.24	31.0	7.79	6.94			75.0	85.0	6.46	8.27
80.0	75.0_85.0	2	Eastern Gotland Basin	7.19	0.28	22.0	7.79	6.94			75.0	85.0	6.38	8.35
80.0	75.0_85.0	3	Eastern Gotland Basin	7.15	0.17	34.0	7.62	6.93			75.0	85.0	6.59	7.96
80.0	75.0_85.0	4	Eastern Gotland Basin	7.2	0.22	35.0	7.82	6.99			75.0	85.0	6.55	8.26
80.0	75.0_85.0	5	Eastern Gotland Basin	7.21	0.24	29.0	7.81	6.96			75.0	85.0	6.48	8.29
80.0	75.0_85.0	6	Eastern Gotland Basin	7.16	0.25	30.0	7.81	6.73			75.0	85.0	6.23	8.31
80.0	75.0_85.0	7	Eastern Gotland Basin	7.18	0.21	33.0	7.76	6.95			75.0	85.0	6.53	8.18
80.0	75.0_85.0	8	Eastern Gotland Basin	7.19	0.19	32.0	7.59	6.97			75.0	85.0	6.59	7.97
80.0	75.0_85.0	9	Eastern Gotland Basin	7.09	0.12	28.0	7.45	6.95			75.0	85.0	6.71	7.69
80.0	75.0_85.0	10	Eastern Gotland Basin	7.16	0.19	29.0	7.73	6.94			75.0	85.0	6.56	8.11
80.0	75.0_85.0	11	Eastern Gotland Basin	7.1	0.15	33.0	7.47	6.92			75.0	85.0	6.62	7.77
80.0	75.0_85.0	12	Eastern Gotland Basin	7.11	0.16	32.0	7.79	6.94			75.0	85.0	6.62	8.11
90.0	85.0_95.0	1	Eastern Gotland Basin	7.08	0.1	26.0	7.29	6.97			85.0	95.0	6.77	7.49
90.0	85.0_95.0	2	Eastern Gotland Basin	7.08	0.12	18.0	7.38	6.98			85.0	95.0	6.74	7.62
90.0	85.0_95.0	3	Eastern Gotland Basin	7.07	0.08	31.0	7.26	6.94			85.0	95.0	6.78	7.42
90.0	85.0_95.0	4	Eastern Gotland Basin	7.1	0.15	31.0	7.59	6.97			85.0	95.0	6.67	7.89
90.0	85.0_95.0	5	Eastern Gotland Basin	7.1	0.14	27.0	7.57	6.96			85.0	95.0	6.68	7.85
90.0	85.0_95.0	6	Eastern Gotland Basin	7.08	0.15	25.0	7.6	6.95			85.0	95.0	6.65	7.9
90.0	85.0_95.0	7	Eastern Gotland Basin	7.1	0.14	31.0	7.5	6.95			85.0	95.0	6.67	7.78
90.0	85.0_95.0	8	Eastern Gotland Basin	7.09	0.13	29.0	7.41	6.94			85.0	95.0	6.68	7.67
90.0	85.0_95.0	9	Eastern Gotland Basin	7.05	0.09	26.0	7.35	6.94			85.0	95.0	6.76	7.53
90.0	85.0_95.0	10	Eastern Gotland Basin	7.09	0.15	27.0	7.53	6.93			85.0	95.0	6.63	7.83
90.0	85.0_95.0	11	Eastern Gotland Basin	7.06	0.1	29.0	7.34	6.95			85.0	95.0	6.75	7.54
90.0	85.0_95.0	12	Eastern Gotland Basin	7.06	0.08	30.0	7.24	6.94			85.0	95.0	6.78	7.4
100.0	95.0_112.5	1	Eastern Gotland Basin	7.06	0.07	25.0	7.23	6.96			95.0	112.5	6.82	7.37
100.0	95.0_112.5	2	Eastern Gotland Basin	7.06	0.07	18.0	7.24	6.97			95.0	112.5	6.83	7.38
100.0	95.0_112.5	3	Eastern Gotland Basin	7.05	0.08	26.0	7.33	6.93			95.0	112.5	6.77	7.49
100.0	95.0_112.5	4	Eastern Gotland Basin	7.05	0.08	28.0	7.31	6.93			95.0	112.5	6.77	7.47
100.0	95.0_112.5	5	Eastern Gotland Basin	7.05	0.07	24.0	7.23	6.96			95.0	112.5	6.82	7.37
100.0	95.0_112.5	6	Eastern Gotland Basin	7.05	0.07	22.0	7.27	6.95			95.0	112.5	6.81	7.41
100.0	95.0_112.5	7	Eastern Gotland Basin	7.07	0.09	27.0	7.34	6.94			95.0	112.5	6.76	7.52
100.0	95.0_112.5	8	Eastern Gotland Basin	7.06	0.09	25.0	7.3	6.95			95.0	112.5	6.77	7.48
100.0	95.0_112.5	9	Eastern Gotland Basin	7.02	0.04	22.0	7.11	6.95			95.0	112.5	6.87	7.19
100.0	95.0_112.5	10	Eastern Gotland Basin	7.06	0.11	23.0	7.33	6.95			95.0	112.5	6.73	7.55
100.0	95.0_112.5	11	Eastern Gotland Basin	7.04	0.07	24.0	7.25	6.93			95.0	112.5	6.79	7.39
100.0	95.0_112.5	12	Eastern Gotland Basin	7.04	0.06	24.0	7.13	6.95			95.0	112.5	6.83	7.25
125.0	112.5_137.5	1	Eastern Gotland Basin	7.05	0.07	26.0	7.29	6.97			112.5	137.5	6.83	7.43
125.0	112.5_137.5	2	Eastern Gotland Basin	7.05	0.07	18.0	7.29	6.98			112.5	137.5	6.84	7.43
125.0	112.5_137.5	3	Eastern Gotland Basin	7.05	0.14	26.0	7.67	6.93			112.5	137.5	6.65	7.95
125.0	112.5_137.5	4	Eastern Gotland Basin	7.03	0.04	29.0	7.13	6.94			112.5	137.5	6.86	7.21
125.0	112.5_137.5	5	Eastern Gotland Basin	7.03	0.03	24.0	7.09	6.97			112.5	137.5	6.91	7.15
125.0	112.5_137.5	6	Eastern Gotland Basin	7.03	0.04	23.0	7.1	6.96			112.5	137.5	6.88	7.18
125.0	112.5_137.5	7	Eastern Gotland Basin	7.05	0.06	26.0	7.23	6.98			112.5	137.5	6.86	7.35
125.0	112.5_137.5	8	Eastern Gotland Basin	7.04	0.05	25.0	7.14	6.95			112.5	137.5	6.85	7.24
125.0	112.5_137.5	9	Eastern Gotland Basin	7.04	0.05	22.0	7.19	6.92			112.5	137.5	6.82	7.29
125.0	112.5_137.5	10	Eastern Gotland Basin	7.06	0.08	23.0	7.27	6.96			112.5	137.5	6.8	7.43
125.0	112.5_137.5	11	Eastern Gotland Basin	7.03	0.04	25.0	7.13	6.95			112.5	137.5	6.87	7.21
125.0	112.5_137.5	12	Eastern Gotland Basin	7.03	0.04	25.0	7.12	6.96			112.5	137.5	6.88	7.2
150.0	137.5_162.5	1	Eastern Gotland Basin	7.04	0.05	26.0	7.18	6.97			137.5	162.5	6.87	7.28
150.0	137.5_162.5	2	Eastern Gotland Basin	7.04	0.05	17.0	7.15	6.99			137.5	162.5	6.89	7.25
150.0	137.5_162.5	3	Eastern Gotland Basin	7.05	0.15	26.0	7.76	6.95			137.5	162.5	6.65	8.06
150.0	137.5_162.5	4	Eastern Gotland Basin	7.03	0.04	29.0	7.1	6.95			137.5	162.5	6.87	7.18
150.0	137.5_162.5	5	Eastern Gotland Basin	7.05	0.07	23.0	7.3	6.98			137.5	162.5	6.84	7.44
150.0	137.5_162.5	6	Eastern Gotland Basin	7.04	0.04	23.0	7.15	6.97			137.5	162.5	6.89	7.23
150.0	137.5_162.5	7	Eastern Gotland Basin	7.05	0.05	27.0	7.14	6.98			137.5	162.5	6.88	7.24
150.0	137.5_162.5	8	Eastern Gotland Basin	7.04	0.04	24.0	7.12	6.98			137.5	162.5	6.9	7.2
150.0	137.5_162.5	9	Eastern Gotland Basin	7.04	0.07	22.0	7.27	6.92			137.5	162.5	6.78	7.41
150.0	137.5_162.5	10	Eastern Gotland Basin	7.05	0.07	23.0	7.21	6.96			137.5	162.5	6.82	7.35
150.0	137.5_162.5	11	Eastern Gotland Basin	7.03	0.05	24.0	7.13	6.96			137.5	162.5	6.86	7.23
150.0	137.5_162.5	12	Eastern Gotland Basin	7.02	0.05	24.0	7.11	6.92			137.5	162.5	6.82	7.21
175.0	162.5_187.5	1	Eastern Gotland Basin	7.05	0.05	23.0	7.19	6.99			162.5	187.5	6.89	7.29
175.0	162.5_187.5	2	Eastern Gotland Basin	7.03	0.05	16.0	7.15	6.98			162.5	187.5	6.88	7.25
175.0	162.5_187.5	3	Eastern Gotland Basin	7.06	0.17	24.0	7.82	6.95			162.5	187.5	6.61	8.16
175.0	162.5_187.5	4	Eastern Gotland Basin	7.03	0.03	27.0	7.08	6.97			162.5	187.5	6.91	7.14
175.0	162.5_187.5	5	Eastern Gotland Basin	7.05	0.05	22.0	7.21	6.99			162.5	187.5	6.89	7.31
175.0	162.5_187.5	6	Eastern Gotland Basin	7.05	0.04	23.0	7.12	6.99			162.5	187.5	6.91	7.2
175.0	162.5_187.5	7	Eastern Gotland Basin	7.05	0.05	25.0	7.2	6.99			162.5	187.5	6.89	7.3
175.0	162.5_187.5	8	Eastern Gotland Basin	7.05	0.05	24.0	7.16	6.97			162.5	187.5	6.87	7.26
175.0	162.5_187.5	9	Eastern Gotland Basin	7.04	0.06	21.0	7.16	6.93			162.5	187.5	6.81	7.28
175.0	162.5_187.5	10	Eastern Gotland Basin	7.05	0.06	23.0	7.18	6.97			162.5	187.5	6.85	7.3
175.0	162.5_187.5	11	Eastern Gotland Basin	7.04	0.05	24.0	7.13	6.97			162.5	187.5	6.87	7.23
175.0	162.5_187.5	12	Eastern Gotland Basin	7.03	0.04	24.0	7.12	6.97			162.5	187.5	6.89	7.2
200.0	187.5_212.5	1	Eastern Gotland Basin	7.05	0.05	21.0	7.21	6.96			187.5	212.5	6.86	7.31
200.0	187.5_212.5	2	Eastern Gotland Basin	7.04	0.04	17.0	7.12	6.98			187.5	212.5	6.9	7.2
200.0	187.5_212.5	3	Eastern Gotland Basin	7.06	0.17	24.0	7.83	6.95			187.5	212.5	6.61	8.17
200.0	187.5_212.5	4	Eastern Gotland Basin	7.03	0.03	27.0	7.1	6.97			187.5	212.5	6.91	7.16
200.0	187.5_212.5	5	Eastern Gotland Basin	7.06	0.04	21.0	7.16	6.99			187.5	212.5	6.91	7.24
200.0	187.5_212.5	6	Eastern Gotland Basin	7.06	0.04	23.0	7.17	6.99			187.5	212.5	6.91	7.25
200.0	187.5_212.5	7	Eastern Gotland Basin	7.06	0.06	25.0	7.21	6.99			187.5	212.5	6.87	7.33
200.0	187.5_212.5	8	Eastern Gotland Basin	7.05	0.05	24.0	7.16	6.96			187.5	212.5	6.86	7.26
200.0	187.5_212.5	9	Eastern Gotland Basin	7.05	0.06	21.0	7.2	7.0			187.5	212.5	6.88	7.32
200.0	187.5_212.5	10	Eastern Gotland Basin	7.06	0.04	21.0	7.16	7.0			187.5	212.5	6.92	7.24
200.0	187.5_212.5	11	Eastern Gotland Basin	7.05	0.05	24.0	7.15	6.98			187.5	212.5	6.88	7.25
200.0	187.5_212.5	12	Eastern Gotland Basin	7.04	0.04	24.0	7.12	6.97			187.5	212.5	6.89	7.2
225.0	212.5_237.5	1	Eastern Gotland Basin	7.08	0.06	21.0	7.2	6.96			212.5	237.5	6.84	7.32
225.0	212.5_237.5	2	Eastern Gotland Basin	7.06	0.06	16.0	7.25	6.98			212.5	237.5	6.86	7.37
225.0	212.5_237.5	3	Eastern Gotland Basin	7.07	0.12	22.0	7.56	6.95			212.5	237.5	6.71	7.8
225.0	212.5_237.5	4	Eastern Gotland Basin	7.07	0.06	24.0	7.24	6.98			212.5	237.5	6.86	7.36
225.0	212.5_237.5	5	Eastern Gotland Basin	7.09	0.09	20.0	7.35	6.99			212.5	237.5	6.81	7.53
225.0	212.5_237.5	6	Eastern Gotland Basin	7.08	0.07	22.0	7.35	6.99			212.5	237.5	6.85	7.49
225.0	212.5_237.5	7	Eastern Gotland Basin	7.1	0.09	23.0	7.41	7.0			212.5	237.5	6.82	7.59
225.0	212.5_237.5	8	Eastern Gotland Basin	7.06	0.04	21.0	7.15	7.0			212.5	237.5	6.92	7.23
225.0	212.5_237.5	9	Eastern Gotland Basin	7.09	0.11	20.0	7.43	6.99			212.5	237.5	6.77	7.65
225.0	212.5_237.5	10	Eastern Gotland Basin	7.07	0.06	21.0	7.28	7.0			212.5	237.5	6.88	7.4
225.0	212.5_237.5	11	Eastern Gotland Basin	7.08	0.07	23.0	7.27	6.99			212.5	237.5	6.85	7.41
225.0	212.5_237.5	12	Eastern Gotland Basin	7.06	0.06	22.0	7.2	6.98			212.5	237.5	6.86	7.32
250.0	237.5_262.5	1	Eastern Gotland Basin	7.08	0.09	16.0	7.25	6.95			237.5	262.5	6.77	7.43
250.0	237.5_262.5	4	Eastern Gotland Basin	7.07	0.06	18.0	7.21	6.98			237.5	262.5	6.86	7.33
250.0	237.5_262.5	6	Eastern Gotland Basin	7.09	0.08	17.0	7.3	6.99	7.22	7.0	237.5	262.5	6.83	7.46
250.0	237.5_262.5	7	Eastern Gotland Basin	7.14	0.22	19.0	8.02	6.99			237.5	262.5	6.55	8.46
250.0	237.5_262.5	8	Eastern Gotland Basin	7.08	0.06	19.0	7.24	6.99			237.5	262.5	6.87	7.36
250.0	237.5_262.5	12	Eastern Gotland Basin	7.07	0.07	16.0	7.28	6.97			237.5	262.5	6.83	7.42
0.0	0_2.5	1	Kattegat	7.91	0.06	39.0	8.09	7.83			0.0	2.5	7.71	8.21
0.0	0_2.5	2	Kattegat	7.93	0.07	38.0	8.12	7.84			0.0	2.5	7.7	8.26
0.0	0_2.5	3	Kattegat	8.03	0.08	42.0	8.23	7.9			0.0	2.5	7.74	8.39
0.0	0_2.5	4	Kattegat	8.04	0.07	53.0	8.17	7.89			0.0	2.5	7.75	8.31
0.0	0_2.5	5	Kattegat	8.07	0.06	39.0	8.18	7.98			0.0	2.5	7.86	8.3
0.0	0_2.5	6	Kattegat	8.14	0.06	43.0	8.29	8.04			0.0	2.5	7.92	8.41
0.0	0_2.5	7	Kattegat	8.18	0.06	41.0	8.32	8.04			0.0	2.5	7.92	8.44
0.0	0_2.5	8	Kattegat	8.19	0.07	39.0	8.37	8.06			0.0	2.5	7.92	8.51
0.0	0_2.5	9	Kattegat	8.13	0.07	44.0	8.24	7.89			0.0	2.5	7.75	8.38
0.0	0_2.5	10	Kattegat	8.05	0.06	39.0	8.18	7.83			0.0	2.5	7.71	8.3
0.0	0_2.5	11	Kattegat	8.01	0.05	41.0	8.15	7.94			0.0	2.5	7.84	8.25
0.0	0_2.5	12	Kattegat	7.96	0.18	48.0	8.64	7.84			0.0	2.5	7.48	9.0
5.0	2.5_7.5	1	Kattegat	7.91	0.06	39.0	8.07	7.83			2.5	7.5	7.71	8.19
5.0	2.5_7.5	2	Kattegat	7.93	0.07	38.0	8.13	7.83			2.5	7.5	7.69	8.27
5.0	2.5_7.5	3	Kattegat	8.03	0.09	42.0	8.24	7.9			2.5	7.5	7.72	8.42
5.0	2.5_7.5	4	Kattegat	8.03	0.07	53.0	8.13	7.88			2.5	7.5	7.74	8.27
5.0	2.5_7.5	5	Kattegat	8.07	0.07	39.0	8.31	7.97			2.5	7.5	7.83	8.45
5.0	2.5_7.5	6	Kattegat	8.15	0.07	43.0	8.42	8.04			2.5	7.5	7.9	8.56
5.0	2.5_7.5	7	Kattegat	8.17	0.06	41.0	8.31	8.04			2.5	7.5	7.92	8.43
5.0	2.5_7.5	8	Kattegat	8.19	0.06	39.0	8.36	8.08			2.5	7.5	7.96	8.48
5.0	2.5_7.5	9	Kattegat	8.13	0.07	43.0	8.24	7.93			2.5	7.5	7.79	8.38
5.0	2.5_7.5	10	Kattegat	8.05	0.05	39.0	8.16	7.84			2.5	7.5	7.74	8.26
5.0	2.5_7.5	11	Kattegat	8.0	0.05	41.0	8.16	7.93			2.5	7.5	7.83	8.26
5.0	2.5_7.5	12	Kattegat	7.96	0.18	49.0	8.64	7.84			2.5	7.5	7.48	9.0
10.0	7.5_12.5	1	Kattegat	7.9	0.06	39.0	8.11	7.83			7.5	12.5	7.71	8.23
10.0	7.5_12.5	2	Kattegat	7.91	0.07	38.0	8.15	7.82			7.5	12.5	7.68	8.29
10.0	7.5_12.5	3	Kattegat	8.0	0.08	42.0	8.21	7.89			7.5	12.5	7.73	8.37
10.0	7.5_12.5	4	Kattegat	8.01	0.07	53.0	8.14	7.87			7.5	12.5	7.73	8.28
10.0	7.5_12.5	5	Kattegat	8.02	0.07	39.0	8.15	7.82			7.5	12.5	7.68	8.29
10.0	7.5_12.5	6	Kattegat	8.12	0.06	43.0	8.29	8.0			7.5	12.5	7.88	8.41
10.0	7.5_12.5	7	Kattegat	8.14	0.06	41.0	8.27	8.03			7.5	12.5	7.91	8.39
10.0	7.5_12.5	8	Kattegat	8.16	0.07	39.0	8.32	7.93			7.5	12.5	7.79	8.46
10.0	7.5_12.5	9	Kattegat	8.11	0.07	43.0	8.24	7.9			7.5	12.5	7.76	8.38
10.0	7.5_12.5	10	Kattegat	8.04	0.05	39.0	8.16	7.85			7.5	12.5	7.75	8.26
10.0	7.5_12.5	11	Kattegat	8.0	0.06	41.0	8.21	7.92			7.5	12.5	7.8	8.33
10.0	7.5_12.5	12	Kattegat	7.96	0.18	49.0	8.64	7.85			7.5	12.5	7.49	9.0
15.0	12.5_17.5	1	Kattegat	7.9	0.07	38.0	8.12	7.83			12.5	17.5	7.69	8.26
15.0	12.5_17.5	2	Kattegat	7.9	0.07	38.0	8.15	7.81			12.5	17.5	7.67	8.29
15.0	12.5_17.5	3	Kattegat	7.93	0.08	41.0	8.21	7.83			12.5	17.5	7.67	8.37
15.0	12.5_17.5	4	Kattegat	7.95	0.07	50.0	8.12	7.8			12.5	17.5	7.66	8.26
15.0	12.5_17.5	5	Kattegat	7.94	0.08	37.0	8.13	7.75			12.5	17.5	7.59	8.29
15.0	12.5_17.5	6	Kattegat	8.06	0.06	43.0	8.16	7.91			12.5	17.5	7.79	8.28
15.0	12.5_17.5	7	Kattegat	8.09	0.06	41.0	8.21	7.96			12.5	17.5	7.84	8.33
15.0	12.5_17.5	8	Kattegat	8.08	0.07	38.0	8.2	7.92			12.5	17.5	7.78	8.34
15.0	12.5_17.5	9	Kattegat	8.05	0.07	42.0	8.24	7.95			12.5	17.5	7.81	8.38
15.0	12.5_17.5	10	Kattegat	8.0	0.06	38.0	8.15	7.8			12.5	17.5	7.68	8.27
15.0	12.5_17.5	11	Kattegat	7.98	0.06	41.0	8.15	7.87			12.5	17.5	7.75	8.27
15.0	12.5_17.5	12	Kattegat	7.96	0.18	48.0	8.65	7.83			12.5	17.5	7.47	9.01
20.0	17.5_22.5	1	Kattegat	7.91	0.07	38.0	8.13	7.82			17.5	22.5	7.68	8.27
20.0	17.5_22.5	2	Kattegat	7.9	0.07	38.0	8.16	7.81			17.5	22.5	7.67	8.3
20.0	17.5_22.5	3	Kattegat	7.89	0.07	41.0	8.19	7.81			17.5	22.5	7.67	8.33
20.0	17.5_22.5	4	Kattegat	7.88	0.07	50.0	8.04	7.78			17.5	22.5	7.64	8.18
20.0	17.5_22.5	5	Kattegat	7.9	0.07	37.0	8.07	7.74			17.5	22.5	7.6	8.21
20.0	17.5_22.5	6	Kattegat	7.99	0.07	42.0	8.14	7.84			17.5	22.5	7.7	8.28
20.0	17.5_22.5	7	Kattegat	8.02	0.07	40.0	8.14	7.86			17.5	22.5	7.72	8.28
20.0	17.5_22.5	8	Kattegat	7.99	0.07	38.0	8.12	7.73			17.5	22.5	7.59	8.26
20.0	17.5_22.5	9	Kattegat	7.99	0.08	42.0	8.23	7.87			17.5	22.5	7.71	8.39
20.0	17.5_22.5	10	Kattegat	7.95	0.09	38.0	8.12	7.67			17.5	22.5	7.49	8.3
20.0	17.5_22.5	11	Kattegat	7.95	0.07	41.0	8.12	7.81			17.5	22.5	7.67	8.26
20.0	17.5_22.5	12	Kattegat	7.96	0.18	48.0	8.65	7.79			17.5	22.5	7.43	9.01
25.0	22.5_27.5	1	Kattegat	7.91	0.06	34.0	8.09	7.83			22.5	27.5	7.71	8.21
25.0	22.5_27.5	2	Kattegat	7.88	0.04	29.0	7.97	7.81			22.5	27.5	7.73	8.05
25.0	22.5_27.5	3	Kattegat	7.87	0.04	31.0	7.95	7.82			22.5	27.5	7.74	8.03
25.0	22.5_27.5	4	Kattegat	7.85	0.06	37.0	7.95	7.73			22.5	27.5	7.61	8.07
25.0	22.5_27.5	5	Kattegat	7.89	0.07	33.0	8.07	7.75			22.5	27.5	7.61	8.21
25.0	22.5_27.5	6	Kattegat	7.93	0.07	37.0	8.1	7.75			22.5	27.5	7.61	8.24
25.0	22.5_27.5	7	Kattegat	7.94	0.08	31.0	8.07	7.73			22.5	27.5	7.57	8.23
25.0	22.5_27.5	8	Kattegat	7.93	0.06	32.0	8.06	7.82			22.5	27.5	7.7	8.18
25.0	22.5_27.5	9	Kattegat	7.91	0.08	38.0	8.08	7.74			22.5	27.5	7.58	8.24
25.0	22.5_27.5	10	Kattegat	7.91	0.07	31.0	8.09	7.68			22.5	27.5	7.54	8.23
25.0	22.5_27.5	11	Kattegat	7.93	0.08	38.0	8.12	7.79			22.5	27.5	7.63	8.28
25.0	22.5_27.5	12	Kattegat	7.93	0.17	41.0	8.65	7.82			22.5	27.5	7.48	8.99
30.0	27.5_35.0	1	Kattegat	7.92	0.07	38.0	8.13	7.82			27.5	35.0	7.68	8.27
30.0	27.5_35.0	2	Kattegat	7.9	0.07	38.0	8.16	7.81			27.5	35.0	7.67	8.3
30.0	27.5_35.0	3	Kattegat	7.87	0.05	40.0	8.1	7.8			27.5	35.0	7.7	8.2
30.0	27.5_35.0	4	Kattegat	7.85	0.07	48.0	8.01	7.72			27.5	35.0	7.58	8.15
30.0	27.5_35.0	5	Kattegat	7.87	0.06	35.0	8.05	7.73			27.5	35.0	7.61	8.17
30.0	27.5_35.0	6	Kattegat	7.92	0.07	41.0	8.09	7.79			27.5	35.0	7.65	8.23
30.0	27.5_35.0	7	Kattegat	7.91	0.11	40.0	8.35	7.71			27.5	35.0	7.49	8.57
30.0	27.5_35.0	8	Kattegat	7.87	0.08	36.0	8.02	7.68			27.5	35.0	7.52	8.18
30.0	27.5_35.0	9	Kattegat	7.88	0.09	42.0	8.15	7.65			27.5	35.0	7.47	8.33
30.0	27.5_35.0	10	Kattegat	7.89	0.08	38.0	8.12	7.66			27.5	35.0	7.5	8.28
30.0	27.5_35.0	11	Kattegat	7.92	0.07	41.0	8.11	7.78			27.5	35.0	7.64	8.25
30.0	27.5_35.0	12	Kattegat	7.95	0.19	46.0	8.65	7.79			27.5	35.0	7.41	9.03
40.0	35.0_45.0	1	Kattegat	7.92	0.07	32.0	8.13	7.83			35.0	45.0	7.69	8.27
40.0	35.0_45.0	2	Kattegat	7.9	0.08	30.0	8.17	7.78			35.0	45.0	7.62	8.33
40.0	35.0_45.0	3	Kattegat	7.86	0.06	30.0	8.09	7.76			35.0	45.0	7.64	8.21
40.0	35.0_45.0	4	Kattegat	7.84	0.06	37.0	7.96	7.72			35.0	45.0	7.6	8.08
40.0	35.0_45.0	5	Kattegat	7.86	0.05	28.0	7.97	7.74			35.0	45.0	7.64	8.07
40.0	35.0_45.0	6	Kattegat	7.88	0.08	30.0	8.03	7.77			35.0	45.0	7.61	8.19
40.0	35.0_45.0	7	Kattegat	7.83	0.1	31.0	8.04	7.66			35.0	45.0	7.46	8.24
40.0	35.0_45.0	8	Kattegat	7.79	0.1	28.0	7.97	7.59			35.0	45.0	7.39	8.17
40.0	35.0_45.0	9	Kattegat	7.79	0.12	32.0	8.08	7.58			35.0	45.0	7.34	8.32
40.0	35.0_45.0	10	Kattegat	7.87	0.09	28.0	8.13	7.65			35.0	45.0	7.47	8.31
40.0	35.0_45.0	11	Kattegat	7.91	0.08	29.0	8.1	7.77			35.0	45.0	7.61	8.26
40.0	35.0_45.0	12	Kattegat	7.98	0.22	34.0	8.66	7.78			35.0	45.0	7.34	9.1
50.0	45.0_55.0	1	Kattegat	7.9	0.06	27.0	8.06	7.82			45.0	55.0	7.7	8.18
50.0	45.0_55.0	2	Kattegat	7.89	0.07	28.0	8.18	7.78			45.0	55.0	7.64	8.32
50.0	45.0_55.0	3	Kattegat	7.86	0.06	27.0	8.08	7.75			45.0	55.0	7.63	8.2
50.0	45.0_55.0	4	Kattegat	7.83	0.06	33.0	7.97	7.71			45.0	55.0	7.59	8.09
50.0	45.0_55.0	5	Kattegat	7.85	0.05	25.0	7.97	7.73			45.0	55.0	7.63	8.07
50.0	45.0_55.0	6	Kattegat	7.86	0.07	30.0	8.0	7.74			45.0	55.0	7.6	8.14
50.0	45.0_55.0	7	Kattegat	7.79	0.09	29.0	7.98	7.62			45.0	55.0	7.44	8.16
50.0	45.0_55.0	8	Kattegat	7.73	0.12	27.0	7.92	7.47			45.0	55.0	7.23	8.16
50.0	45.0_55.0	9	Kattegat	7.73	0.12	31.0	7.92	7.52			45.0	55.0	7.28	8.16
50.0	45.0_55.0	10	Kattegat	7.83	0.1	28.0	8.07	7.59			45.0	55.0	7.39	8.27
50.0	45.0_55.0	11	Kattegat	7.89	0.08	30.0	8.09	7.73			45.0	55.0	7.57	8.25
50.0	45.0_55.0	12	Kattegat	7.95	0.19	32.0	8.65	7.81			45.0	55.0	7.43	9.03
60.0	55.0_65.0	1	Kattegat	7.92	0.07	16.0	8.06	7.84			55.0	65.0	7.7	8.2
60.0	55.0_65.0	2	Kattegat	7.91	0.08	16.0	8.18	7.84			55.0	65.0	7.68	8.34
60.0	55.0_65.0	3	Kattegat	7.86	0.06	18.0	8.07	7.8			55.0	65.0	7.68	8.19
60.0	55.0_65.0	4	Kattegat	7.85	0.06	20.0	7.97	7.74			55.0	65.0	7.62	8.09
60.0	55.0_65.0	5	Kattegat	7.84	0.06	16.0	7.96	7.72			55.0	65.0	7.6	8.08
60.0	55.0_65.0	6	Kattegat	7.85	0.08	20.0	7.96	7.7			55.0	65.0	7.54	8.12
60.0	55.0_65.0	7	Kattegat	7.8	0.09	18.0	7.96	7.61			55.0	65.0	7.43	8.14
60.0	55.0_65.0	8	Kattegat	7.74	0.1	16.0	7.87	7.58			55.0	65.0	7.38	8.07
60.0	55.0_65.0	9	Kattegat	7.74	0.13	20.0	7.91	7.48			55.0	65.0	7.22	8.17
60.0	55.0_65.0	10	Kattegat	7.83	0.11	18.0	8.04	7.55			55.0	65.0	7.33	8.26
60.0	55.0_65.0	11	Kattegat	7.89	0.07	18.0	8.04	7.79			55.0	65.0	7.65	8.18
60.0	55.0_65.0	12	Kattegat	7.94	0.17	21.0	8.64	7.77			55.0	65.0	7.43	8.98
0.0	0_5.0	2	Skagerrak	7.98	0.12	21.0	8.19	7.86			0.0	5.0	7.62	8.43
0.0	0_5.0	3	Skagerrak	7.99	0.07	18.0	8.11	7.88			0.0	5.0	7.74	8.25
0.0	0_5.0	4	Skagerrak	8.03	0.06	27.0	8.15	7.92			0.0	5.0	7.8	8.27
0.0	0_5.0	5	Skagerrak	8.07	0.06	21.0	8.16	7.97			0.0	5.0	7.85	8.28
0.0	0_5.0	6	Skagerrak	8.13	0.07	16.0	8.22	8.0			0.0	5.0	7.86	8.36
0.0	0_5.0	7	Skagerrak	8.14	0.07	22.0	8.24	8.02			0.0	5.0	7.88	8.38
0.0	0_5.0	8	Skagerrak	8.15	0.06	16.0	8.25	8.04			0.0	5.0	7.92	8.37
0.0	0_5.0	9	Skagerrak	8.1	0.05	21.0	8.25	8.03			0.0	5.0	7.93	8.35
0.0	0_5.0	12	Skagerrak	8.07	0.29	21.0	8.69	7.91			0.0	5.0	7.33	9.27
10.0	5.0_20.0	2	Skagerrak	7.97	0.12	22.0	8.19	7.86			5.0	20.0	7.62	8.43
10.0	5.0_20.0	3	Skagerrak	7.97	0.05	18.0	8.06	7.89			5.0	20.0	7.79	8.16
10.0	5.0_20.0	4	Skagerrak	8.01	0.06	28.0	8.11	7.91			5.0	20.0	7.79	8.23
10.0	5.0_20.0	5	Skagerrak	8.05	0.06	21.0	8.16	7.96			5.0	20.0	7.84	8.28
10.0	5.0_20.0	6	Skagerrak	8.1	0.06	16.0	8.18	7.99			5.0	20.0	7.87	8.3
10.0	5.0_20.0	7	Skagerrak	8.12	0.06	22.0	8.22	7.99			5.0	20.0	7.87	8.34
10.0	5.0_20.0	8	Skagerrak	8.13	0.06	16.0	8.21	8.03			5.0	20.0	7.91	8.33
10.0	5.0_20.0	9	Skagerrak	8.09	0.05	21.0	8.23	7.99			5.0	20.0	7.89	8.33
10.0	5.0_20.0	12	Skagerrak	8.08	0.29	21.0	8.69	7.91			5.0	20.0	7.33	9.27
30.0	20.0_45.0	2	Skagerrak	7.98	0.12	22.0	8.2	7.87			20.0	45.0	7.63	8.44
30.0	20.0_45.0	3	Skagerrak	7.92	0.04	18.0	8.02	7.88			20.0	45.0	7.8	8.1
30.0	20.0_45.0	4	Skagerrak	7.93	0.05	28.0	8.05	7.84			20.0	45.0	7.74	8.15
30.0	20.0_45.0	5	Skagerrak	7.96	0.06	21.0	8.1	7.88			20.0	45.0	7.76	8.22
30.0	20.0_45.0	6	Skagerrak	7.98	0.06	16.0	8.08	7.89			20.0	45.0	7.77	8.2
30.0	20.0_45.0	7	Skagerrak	8.01	0.08	22.0	8.19	7.88			20.0	45.0	7.72	8.35
30.0	20.0_45.0	8	Skagerrak	8.0	0.07	16.0	8.17	7.88			20.0	45.0	7.74	8.31
30.0	20.0_45.0	9	Skagerrak	7.99	0.09	21.0	8.13	7.85			20.0	45.0	7.67	8.31
30.0	20.0_45.0	12	Skagerrak	8.08	0.29	21.0	8.67	7.91			20.0	45.0	7.33	9.25
60.0	45.0_67.5	2	Skagerrak	7.98	0.12	22.0	8.2	7.86			45.0	67.5	7.62	8.44
60.0	45.0_67.5	3	Skagerrak	7.92	0.04	18.0	8.01	7.88			45.0	67.5	7.8	8.09
60.0	45.0_67.5	4	Skagerrak	7.92	0.06	26.0	8.12	7.83			45.0	67.5	7.71	8.24
60.0	45.0_67.5	5	Skagerrak	7.93	0.04	21.0	8.04	7.87			45.0	67.5	7.79	8.12
60.0	45.0_67.5	6	Skagerrak	7.94	0.05	16.0	8.01	7.85			45.0	67.5	7.75	8.11
60.0	45.0_67.5	7	Skagerrak	7.95	0.07	22.0	8.1	7.85			45.0	67.5	7.71	8.24
60.0	45.0_67.5	9	Skagerrak	7.94	0.09	21.0	8.16	7.81			45.0	67.5	7.63	8.34
60.0	45.0_67.5	12	Skagerrak	8.08	0.29	21.0	8.68	7.89			45.0	67.5	7.31	9.26
75.0	67.5_87.5	2	Skagerrak	7.97	0.12	22.0	8.21	7.84			67.5	87.5	7.6	8.45
75.0	67.5_87.5	3	Skagerrak	7.91	0.03	17.0	7.97	7.87			67.5	87.5	7.81	8.03
75.0	67.5_87.5	4	Skagerrak	7.91	0.04	25.0	7.99	7.83			67.5	87.5	7.75	8.07
75.0	67.5_87.5	5	Skagerrak	7.91	0.04	20.0	8.0	7.84			67.5	87.5	7.76	8.08
75.0	67.5_87.5	6	Skagerrak	7.93	0.05	16.0	8.0	7.86			67.5	87.5	7.76	8.1
75.0	67.5_87.5	7	Skagerrak	7.93	0.05	22.0	8.03	7.85			67.5	87.5	7.75	8.13
75.0	67.5_87.5	9	Skagerrak	7.91	0.07	21.0	8.09	7.82			67.5	87.5	7.68	8.23
75.0	67.5_87.5	12	Skagerrak	8.07	0.29	21.0	8.68	7.87			67.5	87.5	7.29	9.26
100.0	87.5_150.0	2	Skagerrak	7.95	0.11	18.0	8.2	7.84			87.5	150.0	7.62	8.42
100.0	87.5_150.0	3	Skagerrak	7.9	0.03	16.0	7.97	7.87			87.5	150.0	7.81	8.03
100.0	87.5_150.0	4	Skagerrak	7.9	0.04	20.0	7.99	7.82			87.5	150.0	7.74	8.07
100.0	87.5_150.0	5	Skagerrak	7.91	0.03	17.0	7.98	7.85			87.5	150.0	7.79	8.04
100.0	87.5_150.0	6	Skagerrak	7.93	0.04	16.0	8.0	7.85			87.5	150.0	7.77	8.08
100.0	87.5_150.0	7	Skagerrak	7.93	0.05	19.0	8.05	7.85			87.5	150.0	7.75	8.15
100.0	87.5_150.0	9	Skagerrak	7.88	0.05	18.0	7.99	7.81			87.5	150.0	7.71	8.09
100.0	87.5_150.0	12	Skagerrak	7.99	0.23	19.0	8.66	7.86			87.5	150.0	7.4	9.12
200.0	150.0_250.0	2	Skagerrak	7.94	0.11	18.0	8.19	7.84			150.0	250.0	7.62	8.41
200.0	150.0_250.0	3	Skagerrak	7.89	0.03	16.0	7.96	7.85			150.0	250.0	7.79	8.02
200.0	150.0_250.0	4	Skagerrak	7.9	0.04	20.0	8.0	7.84			150.0	250.0	7.76	8.08
200.0	150.0_250.0	5	Skagerrak	7.9	0.04	16.0	7.98	7.84			150.0	250.0	7.76	8.06
200.0	150.0_250.0	6	Skagerrak	7.93	0.04	16.0	8.0	7.86			150.0	250.0	7.78	8.08
200.0	150.0_250.0	7	Skagerrak	7.92	0.05	18.0	7.99	7.86			150.0	250.0	7.76	8.09
200.0	150.0_250.0	9	Skagerrak	7.88	0.05	18.0	7.99	7.8			150.0	250.0	7.7	8.09
200.0	150.0_250.0	12	Skagerrak	7.96	0.25	18.0	8.66	7.84			150.0	250.0	7.34	9.16
300.0	250.0_350.0	3	Skagerrak	7.89	0.03	16.0	7.96	7.85			250.0	350.0	7.79	8.02
300.0	250.0_350.0	4	Skagerrak	7.89	0.04	17.0	7.99	7.81			250.0	350.0	7.73	8.07
300.0	250.0_350.0	6	Skagerrak	7.92	0.06	16.0	7.99	7.81			250.0	350.0	7.69	8.11
300.0	250.0_350.0	7	Skagerrak	7.91	0.05	16.0	7.99	7.85			250.0	350.0	7.75	8.09
300.0	250.0_350.0	9	Skagerrak	7.87	0.05	17.0	7.99	7.8			250.0	350.0	7.7	8.09
300.0	250.0_350.0	12	Skagerrak	7.91	0.19	17.0	8.62	7.82			250.0	350.0	7.44	9.0
0.0	0_2.5	1	Western Gotland Basin	7.84	0.05	23.0	7.92	7.76			0.0	2.5	7.66	8.02
0.0	0_2.5	3	Western Gotland Basin	7.83	0.04	22.0	7.91	7.76			0.0	2.5	7.68	7.99
0.0	0_2.5	4	Western Gotland Basin	8.01	0.17	16.0	8.46	7.83			0.0	2.5	7.49	8.8
0.0	0_2.5	11	Western Gotland Basin	7.9	0.04	22.0	7.97	7.82			0.0	2.5	7.74	8.05
0.0	0_2.5	12	Western Gotland Basin	7.86	0.09	23.0	8.09	7.71			0.0	2.5	7.53	8.27
5.0	2.5_7.5	1	Western Gotland Basin	7.85	0.1	24.0	8.26	7.74			2.5	7.5	7.54	8.46
5.0	2.5_7.5	3	Western Gotland Basin	7.83	0.04	22.0	7.91	7.76			2.5	7.5	7.68	7.99
5.0	2.5_7.5	4	Western Gotland Basin	8.01	0.17	16.0	8.47	7.83			2.5	7.5	7.49	8.81
5.0	2.5_7.5	11	Western Gotland Basin	7.89	0.04	22.0	7.96	7.82			2.5	7.5	7.74	8.04
5.0	2.5_7.5	12	Western Gotland Basin	7.86	0.08	23.0	8.09	7.74			2.5	7.5	7.58	8.25
10.0	7.5_12.5	1	Western Gotland Basin	7.84	0.06	24.0	8.0	7.75			7.5	12.5	7.63	8.12
10.0	7.5_12.5	3	Western Gotland Basin	7.82	0.04	22.0	7.91	7.76			7.5	12.5	7.68	7.99
10.0	7.5_12.5	4	Western Gotland Basin	8.0	0.15	16.0	8.43	7.83			7.5	12.5	7.53	8.73
10.0	7.5_12.5	11	Western Gotland Basin	7.89	0.05	22.0	8.01	7.81			7.5	12.5	7.71	8.11
10.0	7.5_12.5	12	Western Gotland Basin	7.86	0.08	23.0	8.09	7.71			7.5	12.5	7.55	8.25
15.0	12.5_17.5	1	Western Gotland Basin	7.83	0.06	23.0	7.94	7.75			12.5	17.5	7.63	8.06
15.0	12.5_17.5	3	Western Gotland Basin	7.82	0.04	22.0	7.91	7.76			12.5	17.5	7.68	7.99
15.0	12.5_17.5	4	Western Gotland Basin	7.95	0.1	16.0	8.11	7.83			12.5	17.5	7.63	8.31
15.0	12.5_17.5	11	Western Gotland Basin	7.89	0.04	19.0	7.96	7.81			12.5	17.5	7.73	8.04
15.0	12.5_17.5	12	Western Gotland Basin	7.86	0.09	22.0	8.1	7.75			12.5	17.5	7.57	8.28
20.0	17.5_25.0	1	Western Gotland Basin	7.84	0.05	23.0	7.94	7.75			17.5	25.0	7.65	8.04
20.0	17.5_25.0	3	Western Gotland Basin	7.82	0.04	22.0	7.91	7.75			17.5	25.0	7.67	7.99
20.0	17.5_25.0	4	Western Gotland Basin	7.92	0.08	16.0	8.08	7.82			17.5	25.0	7.66	8.24
20.0	17.5_25.0	11	Western Gotland Basin	7.88	0.04	19.0	7.96	7.8			17.5	25.0	7.72	8.04
20.0	17.5_25.0	12	Western Gotland Basin	7.86	0.08	22.0	8.1	7.75			17.5	25.0	7.59	8.26
30.0	25.0_35.0	1	Western Gotland Basin	7.84	0.05	23.0	7.93	7.75			25.0	35.0	7.65	8.03
30.0	25.0_35.0	3	Western Gotland Basin	7.82	0.04	22.0	7.91	7.75			25.0	35.0	7.67	7.99
30.0	25.0_35.0	4	Western Gotland Basin	7.9	0.07	16.0	8.05	7.8			25.0	35.0	7.66	8.19
30.0	25.0_35.0	11	Western Gotland Basin	7.87	0.08	19.0	8.03	7.72			25.0	35.0	7.56	8.19
30.0	25.0_35.0	12	Western Gotland Basin	7.86	0.09	22.0	8.09	7.76			25.0	35.0	7.58	8.27
40.0	35.0_45.0	1	Western Gotland Basin	7.83	0.05	22.0	7.92	7.75			35.0	45.0	7.65	8.02
40.0	35.0_45.0	3	Western Gotland Basin	7.81	0.06	22.0	7.91	7.65			35.0	45.0	7.53	8.03
40.0	35.0_45.0	4	Western Gotland Basin	7.89	0.07	16.0	8.04	7.74			35.0	45.0	7.6	8.18
40.0	35.0_45.0	11	Western Gotland Basin	7.78	0.13	18.0	7.95	7.48			35.0	45.0	7.22	8.21
40.0	35.0_45.0	12	Western Gotland Basin	7.82	0.14	22.0	8.09	7.44			35.0	45.0	7.16	8.37
50.0	45.0_55.0	1	Western Gotland Basin	7.78	0.11	23.0	7.89	7.43			45.0	55.0	7.21	8.11
50.0	45.0_55.0	3	Western Gotland Basin	7.74	0.16	22.0	7.88	7.22			45.0	55.0	6.9	8.2
50.0	45.0_55.0	4	Western Gotland Basin	7.89	0.21	16.0	8.59	7.59			45.0	55.0	7.17	9.01
50.0	45.0_55.0	11	Western Gotland Basin	7.61	0.2	19.0	7.96	7.25			45.0	55.0	6.85	8.36
50.0	45.0_55.0	12	Western Gotland Basin	7.67	0.22	22.0	8.03	7.11			45.0	55.0	6.67	8.47
60.0	55.0_65.0	1	Western Gotland Basin	7.52	0.24	23.0	7.89	7.18			55.0	65.0	6.7	8.37
60.0	55.0_65.0	3	Western Gotland Basin	7.61	0.27	22.0	7.84	7.02			55.0	65.0	6.48	8.38
60.0	55.0_65.0	4	Western Gotland Basin	7.7	0.18	16.0	7.95	7.33			55.0	65.0	6.97	8.31
60.0	55.0_65.0	11	Western Gotland Basin	7.41	0.23	19.0	7.92	7.05			55.0	65.0	6.59	8.38
60.0	55.0_65.0	12	Western Gotland Basin	7.44	0.24	22.0	7.82	7.03			55.0	65.0	6.55	8.3
70.0	65.0_75.0	1	Western Gotland Basin	7.27	0.24	23.0	7.89	6.99			65.0	75.0	6.51	8.37
70.0	65.0_75.0	3	Western Gotland Basin	7.41	0.3	21.0	7.82	6.97			65.0	75.0	6.37	8.42
70.0	65.0_75.0	4	Western Gotland Basin	7.47	0.22	16.0	7.94	7.11			65.0	75.0	6.67	8.38
70.0	65.0_75.0	11	Western Gotland Basin	7.21	0.21	19.0	7.75	6.96			65.0	75.0	6.54	8.17
70.0	65.0_75.0	12	Western Gotland Basin	7.25	0.18	22.0	7.6	6.97			65.0	75.0	6.61	7.96
80.0	75.0_85.0	1	Western Gotland Basin	7.14	0.21	23.0	7.89	6.96			75.0	85.0	6.54	8.31
80.0	75.0_85.0	3	Western Gotland Basin	7.23	0.29	21.0	7.82	6.94			75.0	85.0	6.36	8.4
80.0	75.0_85.0	4	Western Gotland Basin	7.24	0.24	16.0	7.93	6.96			75.0	85.0	6.48	8.41
80.0	75.0_85.0	11	Western Gotland Basin	7.08	0.15	19.0	7.38	6.95			75.0	85.0	6.65	7.68
80.0	75.0_85.0	12	Western Gotland Basin	7.14	0.14	21.0	7.38	6.96			75.0	85.0	6.68	7.66
90.0	85.0_95.0	1	Western Gotland Basin	7.09	0.21	23.0	7.99	6.91			85.0	95.0	6.49	8.41
90.0	85.0_95.0	3	Western Gotland Basin	7.14	0.25	19.0	7.83	6.93			85.0	95.0	6.43	8.33
90.0	85.0_95.0	4	Western Gotland Basin	7.13	0.23	16.0	7.88	6.94			85.0	95.0	6.48	8.34
90.0	85.0_95.0	11	Western Gotland Basin	7.02	0.09	18.0	7.2	6.93			85.0	95.0	6.75	7.38
90.0	85.0_95.0	12	Western Gotland Basin	7.08	0.12	22.0	7.31	6.92			85.0	95.0	6.68	7.55
100.0	95.0_112.5	1	Western Gotland Basin	7.06	0.17	22.0	7.74	6.92			95.0	112.5	6.58	8.08
100.0	95.0_112.5	3	Western Gotland Basin	7.09	0.25	19.0	7.92	6.92			95.0	112.5	6.42	8.42
100.0	95.0_112.5	11	Western Gotland Basin	7.01	0.07	19.0	7.16	6.93			95.0	112.5	6.79	7.3
100.0	95.0_112.5	12	Western Gotland Basin	7.04	0.1	22.0	7.28	6.92			95.0	112.5	6.72	7.48
